-0.99826676
-1.0625112
-1.0948573
-0.8016907
-1.2596085
-1.139555
-1.3183423
-1.4237201
-0.93930316
-1.0547323
-1.0413209
-1.4116857
-1.0962399
-0.76142526
-1.2134395
-1.0966579
-0.88097477
-1.0211326
-0.8753621
-0.8006753
-0.9848655
-1.0522978
-1.3976052
-0.8092217
-1.0727379
-0.91365576
-1.0397425
-0.920617
-1.0561852
-1.382149
-0.9473314
-1.1066723
-1.2403667
-0.7435258
-0.70260817
-0.6938062
-0.77903736
-0.83833814
-1.003173
-0.9345201
-0.80524206
-0.82949096
-1.0033338
-0.94359326
-0.78998846
-0.7635688
-0.98270655
-1.2136528
-0.9711878
-0.83162725
-0.9854474
-0.7018843
-0.9840026
-1.114967
-0.8422638
-0.819893
-0.93599
-0.9382197
-0.89773357
-0.82903516
-0.83734983
-0.8403281
-1.1557492
-0.8886219
-0.8800273
-0.6721791
-0.95840037
-0.97752345
-1.1549389
-0.8943999
-1.0159223
-0.9834998
-0.65896
-1.0757277
-0.96212184
-0.6662274
-1.1318121
-0.71301925
-0.8792088
-0.79059446
-1.013694
-0.9575248
-0.72885084
-0.72599757
-0.867725
-0.6208727
-0.57494074
-1.1409422
-0.7462536
-0.8113221
-0.76647973
-0.5103532
-0.5932705
-0.6817353
-0.81468654
-0.7191198
-0.8313583
-0.56881595
-0.7228751
-0.72441685
-0.8728329
-0.9611878
-0.9620486
-0.53544164
-0.8550427
-1.1943035
-0.89190984
-0.7377554
-0.7587757
-0.85749793
-0.71296847
-0.81624544
-0.90292346
-0.91352046
-0.75183916
-0.50253826
-0.9644861
-0.9833194
-0.74675155
-0.78699106
-1.1513486
-1.108398
-0.7558013
-0.6728666
-0.6020453
-0.5923779
-0.7930691
-0.90340906
-0.7628519
-0.62537265
-0.9631424
-0.7120576
-1.0748327
-0.8072034
-1.1567516
-0.83256924
-0.9760062
-0.7523049
-0.7976752
-0.5346221
-0.9717206
-0.86866295
-0.7248096
-0.76158774
-0.80023384
-0.9430851
-0.49598324
-0.72230875
-0.6623645
-0.5367019
-0.48613116
-0.8413552
-0.73202646
-0.552873
-0.63639504
-0.7674552
-0.64122176
-1.0795056
-0.9272586
-0.86498183
-0.58201057
-0.5599243
-0.7004235
-0.80148864
-0.84096944
-0.915111
-0.8387052
-0.5235929
-1.0220937
-0.70850974
-0.6329675
-0.6257528
-0.61868095
-0.8497412
-0.5511321
-0.89543325
-0.91353405
-0.77735054
-0.8782543
-0.63218486
-0.70442605
-0.7685166
-0.6759988
-0.8189403
-0.84202564
-0.50563335
-1.134451
-0.8181093
-1.0187072
-0.7399255
-0.890698
-0.8932037
-0.7664939
-0.7203593
-0.8417258
-0.645723
-0.5911233
-0.85758805
-1.0121824
-0.6696359
-0.64620304
-0.66626334
-0.518299
-0.7419095
-0.5955538
-0.86440635
-0.57942605
-0.51932275
-0.6357769
-0.56936
-0.73844564
-0.49230567
-0.8077191
-0.56000865
-0.93791413
-0.78779995
-0.7951183
-0.81200325
-0.69884384
-0.70223737
-0.6195736
-0.5825194
-0.76274705
-0.7045856
-0.54411983
-0.58680636
-0.7875932
-0.57824963
-0.7791219
-0.6249361
-0.71751755
-0.49487373
-0.7477928
-0.637902
-0.87153286
-0.70424414
-0.6257244
-0.7641608
-0.83343905
-0.65526056
-0.6743895
-0.59776235
-0.8192171
-0.6513226
-0.64389133
-0.8346146
-0.6380924
-0.81803185
-0.6284677
-0.6613027
-0.9478221
-0.84266615
-0.63005406
-0.7312732
-0.70769125
-0.56972
-0.6943103
-0.84262645
-0.5880764
-0.70050323
-0.5959686
-0.6567551
-0.78857255
-0.5845102
-0.56360894
-0.7133002
-0.9950336
-0.7311623
-0.76915026
-0.6411723
-0.6666143
-0.6869056
-0.5989183
-0.7482793
-0.5853747
-0.7529945
-0.8130189
-0.57837
-0.80177796
-0.7036407
-0.7870022
-0.6270881
-0.8067034
-0.7782399
-0.7132621
-0.8507354
-0.6260052
-0.72086287
-0.7111123
-0.68000585
-0.74631774
-0.6171633
-0.6330663
-0.57346904
-0.7169109
-0.77189004
-0.5620381
-0.6511812
-0.6855638
-0.5411725
-0.94172543
-0.527209
-0.7008015
-0.6573524
-0.8928003
-0.91634697
-1.1847538
-1.3834395
-0.89539385
-1.0027084
-1.1999018
-0.95068926
-0.8758714
-0.9364042
-1.0580106
-1.0897479
-0.94395745
-1.0255678
-1.3528993
-0.8857782
-1.1404254
-0.8744582
-1.1894002
-1.476112
-1.1234138
-0.8773835
-0.97248507
-0.7761378
-1.0757513
-0.9396751
-0.9548151
-0.9914051
-0.9110181
-1.1532092
-0.90286577
-0.969478
-0.91370106
-0.89163566
-1.0920532
-0.8767025
-0.7064234
-0.8742578
-0.83045447
-1.1162884
-0.85329586
-1.0540156
-1.0898312
-1.0215974
-1.0429275
-1.1028867
-1.1192992
-1.1851605
-1.0189655
-0.9023552
-0.8448801
-0.95314634
-0.8254781
-0.72312313
-0.6963266
-0.5694836
-0.5903405
-0.9650203
-0.8058771
-0.57155955
-0.57794356
-0.7522149
-0.65596646
-0.69700897
-0.6981589
-0.8016323
-0.55840766
-0.6710904
-0.791981
-0.62897784
-0.88407856
-0.73314476
-0.4608126
-0.7080996
-0.5656884
-0.72212994
-0.5596225
-0.79083586
-0.6591887
-0.8558632
-0.64225084
-0.6319567
-0.41718915
-0.67245364
-0.7035259
-0.5820067
-0.6259275
-0.94092506
-0.45370412
-0.79308057
-0.9025425
-0.86805356
-0.62954545
-0.7879838
-0.4605913
-0.6503624
-0.75608265
-0.64232385
-0.66323185
-0.7742711
-0.67705417
-0.8218685
-0.6106633
-0.77986336
-0.7391948
-0.7625662
-0.6325604
-0.68762696
-0.6850443
-0.7793027
-0.848557
-0.72738934
-0.70451987
-0.67852753
-0.6084027
-0.7270346
-0.8481501
-0.7836314
-0.53511274
-0.4911492
-0.7715615
-0.56223655
-0.8250258
-0.7880591
-0.5558286
-0.8517913
-0.8285763
-0.58480227
-0.7731801
-0.5356728
-0.7001137
-0.81792086
-0.78424025
-0.71147037
-0.39532802
-0.7363293
-0.63130796
-0.64017206
-0.59180534
-0.6760262
-0.63482577
-0.45897985
-1.007024
-0.71670705
-0.4000884
-0.619944
-0.73455095
-0.63026583
-0.44991148
-0.77073216
-0.78072125
-0.70466393
-0.49993795
-0.58852106
-0.6019316
-1.0067662
-0.6085866
-0.613214
-0.7967916
-0.5890235
-0.64096785
-0.73237616
-0.5400654
-0.61157393
-0.5998024
-0.68095994
-0.6420812
-0.74814785
-0.8310507
-0.8376728
-0.62844473
-0.70376825
-0.6232875
-0.656088
-0.6769103
-0.60193676
-0.58992887
-0.5365516
-0.74720705
-0.6716993
-0.46987525
-0.4739467
-0.743684
-0.90743625
-0.7223525
-0.78094494
-0.62056637
-0.72378594
-0.9390226
-0.7621057
-0.5442978
-0.5692713
-0.6452875
-0.79892826
-0.7469992
-0.6356797
-0.65872735
-0.73410726
-0.61072415
-0.6689199
-0.61092305
-0.7284354
-0.5915214
-0.47190928
-0.539305
-0.70621836
-0.64869964
-0.6551489
-0.5867439
-0.58780694
-0.6826001
-0.45893753
-0.44471842
-0.49104294
-0.526215
-0.78317153
-0.824206
-0.7527246
-0.34126577
-0.7024262
-0.91523826
-0.73208886
-0.6889983
-0.7523036
-0.63636744
-0.8698695
-0.5784842
-0.588237
-0.42466867
-0.6954069
-0.49865448
-0.57248604
-0.69719994
-0.7558062
-0.4543633
-0.7616074
-0.56133515
-0.63383055
-0.5460241
-0.59529823
-0.48130825
-0.5938643
-0.5216718
-0.5908321
-0.6297139
-0.88397133
-0.5257336
-0.56759965
-0.5303761
-0.5496226
-0.48187864
-0.5245889
-0.56325716
-0.51837987
-0.7983748
-0.8073703
-0.6231641
-0.61827004
-0.48701394
-0.6221663
-0.70899796
-0.60608345
-0.8095564
-0.6319479
-0.5326323
-0.6692382
-0.57142997
-0.70846915
-0.59867007
-0.5681674
-0.45143837
-0.5467446
-0.5590605
-0.53154415
-0.5911919
-0.62504774
-0.5746367
-0.6143676
-0.8162913
-0.66249424
-0.57515407
-0.69066256
-0.5752025
-0.47407007
-0.5241699
-0.3782028
-0.62648404
-1.0128828
-0.81334424
-0.6895815
-0.8634735
-0.4455069
-0.7219261
-1.0479498
-0.8108789
-0.6743201
-0.7107868
-0.6437578
-0.58736223
-0.4978633
-0.6006634
-0.5450046
-0.63082814
-0.67398226
-0.774045
-0.7645127
-0.5899252
-0.57558537
-0.7653667
-0.8712296
-0.58109856
-0.45742214
-0.59386325
-0.6705985
-0.6655332
-0.42310593
-0.6800225
-0.5711023
-0.48891416
-0.6314013
-0.8080877
-0.60053813
-0.5791681
-0.64642495
-0.63330305
-0.5624746
-0.7275732
-0.6410583
-0.5276983
-0.53193665
-0.4368931
-0.6461767
-0.50423265
-0.6304755
-0.5219486
-0.340133
-0.5709697
-0.5856075
-0.39928377
-0.4237651
-0.666564
-0.6927303
-0.5671752
-0.62451714
-0.6174571
-0.5995947
-0.73529094
-0.6956129
-0.7272711
-0.6307843
-0.7763502
-0.63096
-0.506168
-0.56667435
-0.4566256
-0.38038683
-0.569205
-0.9484145
-0.82829136
-1.0090797
-1.4260104
-0.9363764
-1.156862
-1.0794015
-0.7723649
-1.2241325
-0.97950876
-1.0964179
-1.2791126
-1.1163249
-1.0516906
-1.3331289
-0.9111892
-0.73863065
-1.0523782
-1.0293667
-1.1895201
-1.0520062
-1.1720719
-0.9073546
-1.1753631
-0.89873564
-0.7555462
-0.76654077
-1.0627872
-1.1089126
-0.984541
-1.0952027
-1.3277624
-1.1092534
-0.90125144
-0.9927451
-0.9364298
-0.89252
-0.97597396
-1.3542964
-0.93363476
-1.0545399
-0.9225185
-1.238608
-1.234917
-1.128045
-0.69262123
-1.0658374
-1.0725439
-1.0226543
-1.1064836
-0.66054666
-0.8073887
-1.2285624
-0.6384481
-0.71423006
-0.5267148
-0.59262085
-0.9165128
-0.7145097
-0.67876846
-0.7307778
-0.71685696
-0.5870226
-0.5335568
-0.71215236
-0.616158
-0.49726334
-0.5578189
-0.6453285
-0.48376232
-0.5953007
-0.68901265
-0.40090013
-0.533805
-0.61105484
-0.47481644
-0.53431857
-0.5663811
-0.47388458
-0.7153373
-0.6564424
-0.67503816
-0.47808272
-0.715341
-0.7644466
-0.66346973
-0.70794034
-0.6359352
-0.78121936
-0.65033543
-0.566774
-0.63168347
-0.8234334
-0.47628728
-0.68000644
-0.41748795
-0.6591841
-0.64050096
-0.70160145
-0.5822123
-0.49551344
-0.65289813
-0.6688671
-0.4460714
-0.49116892
-0.5237721
-0.5391723
-0.99222517
-0.5441645
-0.6955826
-0.59262866
-0.5180806
-0.68786645
-0.446833
-0.48098898
-0.7780211
-0.6671845
-0.8695027
-0.6319369
-0.49616766
-0.5194759
-0.7877785
-0.46337733
-0.6353766
-0.38897312
-0.554435
-0.5382832
-0.6142596
-0.669423
-0.62177074
-0.57241035
-0.7089174
-0.4178604
-0.6634077
-0.8034756
-0.67354304
-0.66806364
-0.5766072
-0.5160614
-0.5367352
-0.9811387
-0.42528972
-0.6545535
-0.6758523
-0.48484448
-0.544588
-0.49615276
-0.7889998
-0.67030823
-0.6475844
-0.5653863
-0.6187369
-0.75610834
-0.7423533
-0.53466606
-0.54107606
-0.6683143
-0.8601959
-0.8516803
-0.59999347
-0.58688766
-0.5534784
-0.5610068
-0.5736701
-0.56259847
-0.47456387
-0.70101905
-0.54958713
-0.5223285
-0.51107186
-0.4746274
-0.5790614
-0.89082927
-0.6132989
-0.8294773
-0.62823045
-0.54918885
-0.783134
-0.539473
-0.7467599
-0.70098233
-0.74900365
-0.43354255
-0.44079062
-0.5390555
-0.42681032
-0.6584699
-0.5160302
-0.48266792
-0.45380348
-0.53715336
-0.72060674
-0.6325849
-0.6539217
-0.66829115
-0.6569497
-0.45067722
-0.57985866
-0.5396848
-0.46037978
-0.55317736
-0.524297
-0.71962786
-0.57705224
-0.49771485
-0.5678278
-0.67835397
-0.6171636
-0.48179638
-0.73053885
-0.4070183
-0.50370127
-0.6329058
-0.51060474
-0.53498113
-0.6077307
-0.4314199
-0.54782844
-0.6298946
-0.65074056
-0.7522899
-0.48070338
-0.5056467
-0.5330049
-0.51597595
-0.53500956
-0.39893213
-0.7230866
-0.53739136
-0.5796751
-0.5600764
-0.54732615
-0.65973103
-0.47517708
-0.4624568
-0.6136522
-0.42303777
-0.6147101
-0.53717065
-0.48701224
-0.48659104
-0.45275587
-0.55727524
-0.6121906
-0.6786935
-0.4008572
-0.45087826
-0.7377361
-0.67429245
-0.5373689
-0.48160645
-0.53098494
-0.61114246
-0.37254062
-0.78796387
-0.4864387
-0.37149823
-0.787049
-0.632617
-0.329336
-0.79539984
-0.48917872
-0.5933732
-0.5510431
-0.64588606
-0.65501165
-0.63677406
-0.4627043
-0.5705469
-0.5008924
-0.61420345
-0.50198746
-0.60432744
-0.53549576
-0.79651463
-0.5115757
-0.5686031
-0.6050654
-0.47766894
-0.5244005
-0.38435456
-0.5120628
-0.6086302
-0.4529084
-0.7779274
-0.33944538
-0.5683545
-0.42046985
-0.56283355
-0.38941813
-0.45311636
-0.6474258
-0.3709593
-0.53472316
-0.6418535
-0.63070524
-0.49325782
-0.6128066
-0.4948109
-0.61217487
-0.7136925
-0.7363362
-0.59407294
-0.50935763
-0.49129966
-0.6545283
-0.49486178
-0.66841626
-0.87910444
-0.49759084
-0.4925226
-0.32146275
-0.646425
-0.4254794
-0.51153207
-0.4524533
-0.4608516
-0.60300493
-0.47588548
-0.4915853
-0.47372043
-0.5415436
-0.51048183
-0.57716304
-0.5187391
-0.3999768
-0.4299057
-0.63909316
-0.79639554
-0.75819075
-0.38347456
-0.43059212
-0.39220595
-0.58712816
-0.4117416
-0.4184485
-0.5463695
-0.44353473
-0.41569546
-0.43951347
-0.7672436
-0.50706494
-0.5036098
-0.40736914
-0.47116792
-0.46880913
-0.5623362
-0.5036316
-0.5198399
-0.54530805
-0.4521153
-0.6788838
-0.54352254
-0.30531037
-0.36236912
-0.6522662
-0.3147174
-0.9756473
-1.2738595
-0.7858168
-1.1050429
-0.932965
-0.76931494
-1.1091164
-1.0323031
-0.79112625
-1.0638905
-0.894916
-1.1815035
-1.1776171
-1.2344298
-1.133892
-1.0361195
-0.7817244
-0.8186476
-1.3186938
-1.0001327
-0.68744516
-1.0953717
-1.0068359
-0.91470015
-0.7889754
-0.87547493
-0.7289083
-0.9877931
-1.3495622
-0.9159214
-1.0274128
-0.8525821
-0.7291046
-1.1083618
-0.8931444
-0.9973418
-0.88688415
-0.9322438
-0.88644564
-1.1350892
-1.0901048
-0.89926696
-0.9279835
-1.2130857
-1.0070223
-0.67655075
-1.2218387
-0.990368
-0.78888327
-1.0424168
-1.0942078
-0.8855335
-0.9892307
-0.5558065
-0.43750662
-0.69327426
-0.73975176
-0.5341586
-0.47350425
-0.5461566
-0.463591
-0.4412568
-0.50836855
-0.49825266
-0.573409
-0.36752123
-0.4907158
-0.48089966
-0.5050445
-0.3659555
-0.5208679
-0.39281398
-0.4960217
-0.63353664
-0.58171076
-0.51630634
-0.371738
-0.465694
-0.6244364
-0.3712858
-0.626215
-0.5628439
-0.47244802
-0.53846
-0.55442303
-0.48228002
-0.3639921
-0.42242944
-0.5873113
-0.68422794
-0.46073705
-0.59131235
-0.44405302
-0.42055136
-0.54647994
-0.47103643
-0.50709534
-0.6153271
-0.5345926
-0.73937774
-0.5932699
-0.5650259
-0.39555806
-0.69923747
-0.90701926
-0.66451085
-0.44340268
-0.58673096
-0.6581379
-0.5496953
-0.5376184
-0.8187672
-0.68231726
-0.5374874
-0.5695543
-0.61658347
-0.4695713
-0.5077173
-0.4451025
-0.57355255
-0.43070725
-0.7513884
-0.61323404
-0.460727
-0.6680273
-0.49859047
-0.69986165
-0.5796279
-0.5736494
-0.4480872
-0.5932386
-0.7444111
-0.42012995
-0.5500426
-0.58776546
-0.6239954
-0.35101163
-0.44763124
-0.54726523
-0.26741642
-0.43509954
-0.31601498
-0.45667422
-0.4094203
-0.5115172
-0.42465347
-0.55648935
-0.5010306
-0.44376367
-0.43946594
-0.6493467
-0.4591424
-0.6133154
-0.3811412
-0.471556
-0.45176378
-0.4860754
-0.5255892
-0.6033862
-0.5289723
-0.65747476
-0.49645504
-0.60375535
-0.30386385
-0.4647929
-0.44224888
-0.5073631
-0.3782646
-0.61164784
-0.600893
-0.77179754
-0.5462347
-0.5517355
-0.4143506
-0.66650736
-0.7009039
-0.5164217
-0.5422925
-0.4789084
-0.4712181
-0.5185908
-0.58875173
-0.38892817
-0.45116815
-0.5374193
-0.445009
-0.54721665
-0.82648957
-0.537785
-0.590037
-0.44851202
-0.49366283
-0.52801067
-0.5377914
-0.58712864
-0.44000247
-0.64275455
-0.46899694
-0.67138934
-0.69750917
-0.45271367
-0.4652357
-0.51062894
-0.53692025
-0.48462737
-0.6771846
-0.44191766
-0.42489767
-0.7953608
-0.4847445
-0.5917183
-0.61008906
-0.42778134
-0.4659657
-0.5160551
-0.566844
-0.48413756
-0.4445289
-0.50867355
-0.48921305
-0.45859656
-0.38362998
-0.4521873
-0.56814396
-0.58150244
-0.38270375
-0.30112687
-0.6313703
-0.41667622
-0.4862239
-0.57692564
-0.52362806
-0.4648091
-0.6080518
-0.60532916
-0.5933101
-0.5274424
-0.6075386
-0.3168298
-0.48790616
-0.34672946
-0.54586643
-0.6157713
-0.70683426
-0.27836508
-0.567728
-0.48895013
-0.76580524
-0.42730623
-0.4717968
-0.6563732
-0.50051606
-0.44280797
-0.47598165
-0.5091524
-0.67091596
-0.4683591
-0.6061473
-0.37591517
-0.55777717
-0.42698914
-0.58469695
-0.5059239
-0.46953288
-0.60340893
-0.29013634
-0.38308078
-0.5685126
-0.53834176
-0.3824813
-0.71342057
-0.45757562
-0.41428155
-0.37397045
-0.6061222
-0.5726953
-0.33074462
-0.5754212
-0.74756694
-0.436736
-0.41689882
-0.4781623
-0.435892
-0.50332594
-0.48333037
-0.5730305
-0.34707716
-0.52881205
-0.53584576
-0.46071672
-0.481186
-0.48349664
-0.42408055
-0.39510018
-0.49942607
-0.5172607
-0.61931646
-0.35864964
-0.4383174
-0.5045457
-0.5193988
-0.6363696
-0.5631927
-0.40125614
-0.6009871
-0.7207625
-0.35773963
-0.5920717
-0.68473804
-0.50790095
-0.5126839
-0.37234825
-0.3631573
-0.6189542
-0.5465852
-0.5482602
-0.4369458
-0.55167127
-0.57641363
-0.2948442
-0.50123626
-0.3237741
-0.5148639
-0.52529055
-0.43029505
-0.80266774
-0.48295668
-0.5717045
-0.4030549
-0.52659416
-0.33942002
-0.61415815
-0.44783437
-0.49528497
-0.6183945
-0.5525406
-0.461218
-0.74222934
-0.4390224
-0.567265
-0.56108236
-0.5056944
-0.48749727
-0.36450237
-0.42161906
-0.41853663
-0.39018452
-0.62211525
-0.4723223
-0.34100676
-0.735377
-0.39940876
-0.38291144
-0.5894783
-0.5722026
-0.58659303
-0.60051847
-0.7981451
-1.0792537
-0.88778424
-0.79308414
-0.7978179
-1.1686234
-0.7411325
-0.9513887
-0.9696703
-0.64019215
-0.79735076
-0.82328176
-1.1731586
-0.730636
-0.85446036
-0.7841207
-1.0655775
-0.8201041
-0.91082865
-0.797036
-0.8092815
-0.9709321
-0.89772767
-1.0584602
-0.9236467
-0.77498555
-0.82618934
-1.1285279
-0.94465816
-0.91487044
-0.6764371
-0.8768477
-0.98621416
-0.972433
-0.8566482
-0.8842931
-0.91121686
-0.7733226
-1.1407053
-0.89189714
-0.9350812
-1.0679393
-1.1588545
-0.84685516
-1.2468874
-0.7516377
-0.6260711
-0.8406741
-1.0481495
-0.98013127
-0.8845254
-0.81457436
-1.0166432
-0.46855304
-0.6272978
-0.5317023
-0.42816043
-0.4796945
-0.5907974
-0.57921576
-0.5743276
-0.44115853
-0.2735052
-0.7280646
-0.3508728
-0.5704519
-0.47270817
-0.512646
-0.48269075
-0.64551616
-0.4945888
-0.62063366
-0.61264527
-0.46618152
-0.49591595
-0.37349415
-0.5485157
-0.52647483
-0.47358474
-0.6330589
-0.45742124
-0.5182599
-0.32883745
-0.6131946
-0.6780401
-0.53559154
-0.5236023
-0.6048089
-0.49913672
-0.5700731
-0.4322268
-0.45455915
-0.511012
-0.32190874
-0.55678874
-0.49911776
-0.395907
-0.50115466
-0.35552746
-0.53156114
-0.7207074
-0.42965513
-0.49456573
-0.47316754
-0.34751427
-0.5577949
-0.4244915
-0.5870059
-0.40811974
-0.46994933
-0.42881608
-0.48326683
-0.5656133
-0.44429997
-0.46795928
-0.5283498
-0.41550195
-0.3545034
-0.54498744
-0.33955705
-0.42939752
-0.51600873
-0.29010126
-0.67425036
-0.57365835
-0.5218105
-0.5371616
-0.5296073
-0.33917087
-0.5499453
-0.48754627
-0.4973921
-0.4064834
-0.4578154
-0.38589013
-0.63899463
-0.5074467
-0.4663467
-0.4542104
-0.62767506
-0.7391678
-0.5854665
-0.71301186
-0.5571652
-0.420452
-0.46312374
-0.52273995
-0.35313678
-0.43669468
-0.38315415
-0.24401635
-0.5583324
-0.51189095
-0.53477937
-0.30883706
-0.5846351
-0.44538984
-0.5458211
-0.4674708
-0.4710518
-0.42812625
-0.3244412
-0.50275886
-0.4714565
-0.45895928
-0.57314104
-0.5556537
-0.6651026
-0.4795217
-0.3803827
-0.55169743
-0.4888888
-0.53174984
-0.4397968
-0.2598941
-0.6289089
-0.56141305
-0.43669322
-0.5017278
-0.5204773
-0.5168576
-0.522539
-0.5345918
-0.3080607
-0.3836564
-0.4089689
-0.3724329
-0.4754504
-0.32384968
-0.51926947
-0.5333829
-0.3059204
-0.27067292
-0.31620613
-0.48926076
-0.5656649
-0.42461556
-0.4294194
-0.46058917
-0.4452361
-0.30577773
-0.44821715
-0.36973757
-0.44267142
-0.40126634
-0.42073348
-0.4147362
-0.5676967
-0.38236243
-0.36369726
-0.51486814
-0.3835835
-0.39978206
-0.78988963
-0.44052616
-0.2877808
-0.41873294
-0.6045432
-0.5156187
-0.41005853
-0.5260477
-0.578966
-0.39022225
-0.30764732
-0.35679588
-0.44616318
-0.42565846
-0.4002594
-0.3324049
-0.32236052
-0.3465367
-0.27558628
-0.57604015
-0.46997458
-0.4928953
-0.2813388
-0.6738658
-0.40985903
-0.55167735
-0.38388208
-0.36612955
-0.67469376
-0.43006396
-0.5342687
-0.43426582
-0.42516914
-0.5359245
-0.49779797
-0.48848355
-0.39316714
-0.5283957
-0.4733738
-0.58231235
-0.47115114
-0.39178747
-0.41316393
-0.4814763
-0.5354929
-0.4670658
-0.4485198
-0.627266
-0.66860676
-0.35715914
-0.5521879
-0.32099512
-0.57916284
-0.334628
-0.4626848
-0.2590501
-0.40802985
-0.6475129
-0.46467447
-0.5508081
-0.44639322
-0.4728059
-0.49639446
-0.54891646
-0.32984942
-0.44918713
-0.350532
-0.3506627
-0.2795457
-0.35314143
-0.6556972
-0.68888706
-0.30393094
-0.49272805
-0.36893374
-0.42842335
-0.48304415
-0.6002451
-0.5874573
-0.39609295
-0.410393
-0.4651717
-0.55566514
-0.38897783
-0.48562044
-0.528999
-0.5877135
-0.45279145
-0.4130755
-0.48550838
-0.476126
-0.51960397
-0.38172722
-0.5665018
-0.39544553
-0.4761452
-0.44917446
-0.40336907
-0.31169105
-0.5578075
-0.35823965
-0.47099608
-0.4665748
-0.34565574
-0.2962504
-0.42341232
-0.4641803
-0.52024406
-0.37124133
-0.5082973
-0.2395587
-0.37347856
-0.291043
-0.39714888
-0.44277298
-0.4014584
-0.5680888
-0.46839786
-0.48895264
-0.39837196
-0.5255163
-0.43399808
-0.39468974
-0.49422824
-0.42077672
-0.38696456
-0.46988782
-0.48688912
-0.4124842
-0.46598408
-0.4698164
-0.5338782
-0.49343365
-0.64767605
-0.32546985
-0.5563146
-0.7495587
-0.5051924
-0.28640416
-0.4149461
-0.54198503
-0.48079887
-0.45096877
-0.39860576
-0.70747304
-1.0839462
-1.1212546
-0.6897593
-0.77325684
-1.0898743
-1.3289123
-0.78101635
-0.96493065
-0.9392066
-1.0528781
-0.71978414
-0.90323615
-0.8658699
-0.8665527
-1.0013062
-0.9250028
-1.1180496
-0.714362
-0.99936867
-0.73928446
-0.8286594
-0.8304325
-0.9642503
-1.2310956
-0.78199434
-0.92164093
-0.9073027
-1.005026
-0.929724
-0.7735784
-0.85609126
-1.3174827
-0.96477664
-1.0966578
-0.82565874
-0.9294965
-0.690148
-0.8910924
-0.8667488
-0.7569066
-0.75512457
-1.0755134
-0.7880236
-1.4485847
-1.162173
-0.8987617
-1.098476
-0.6788983
-0.9301247
-0.6038358
-0.7600254
-0.65549237
-0.54142135
-0.45347798
-0.4172275
-0.5298916
-0.4867283
-0.41462052
-0.36120713
-0.5720638
-0.3486579
-0.47375333
-0.55068094
-0.60332096
-0.30378532
-0.42819506
-0.4639583
-0.39516702
-0.44168812
-0.7095014
-0.3409617
-0.47927758
-0.5157695
-0.3204796
-0.37815738
-0.41746446
-0.53914595
-0.46946245
-0.38739717
-0.44393533
-0.48582757
-0.44050747
-0.43000945
-0.27445155
-0.38051686
-0.58464813
-0.22288808
-0.4523068
-0.45608735
-0.31154266
-0.29666832
-0.36103007
-0.4804805
-0.42195874
-0.503628
-0.35440776
-0.43491736
-0.29221287
-0.43588686
-0.35513273
-0.32184112
-0.33473557
-0.51063716
-0.43959516
-0.44335914
-0.39466304
-0.43884215
-0.33011356
-0.4436439
-0.35975194
-0.32236868
-0.41504925
-0.33231446
-0.42657703
-0.5626765
-0.5288597
-0.32173032
-0.3411191
-0.3652495
-0.36392415
-0.5296979
-0.5784601
-0.48431146
-0.55753505
-0.61135066
-0.318491
-0.5674071
-0.25569466
-0.3738099
-0.4843441
-0.35235023
-0.31334317
-0.6599643
-0.36211342
-0.38944495
-0.5572943
-0.448238
-0.42185205
-0.3294068
-0.3710405
-0.3843593
-0.31953195
-0.48625064
-0.4063147
-0.46576148
-0.33087456
-0.43078715
-0.34642738
-0.3802874
-0.43180048
-0.37341744
-0.5169823
-0.32775486
-0.3898332
-0.3642763
-0.36932945
-0.53992724
-0.49603304
-0.5931902
-0.273904
-0.30991164
-0.49406502
-0.28640074
-0.42470765
-0.53294384
-0.58419305
-0.36743954
-0.5851444
-0.46110278
-0.5032104
-0.32088232
-0.355785
-0.5429814
-0.39121816
-0.49123597
-0.44814157
-0.36435953
-0.5323295
-0.3479159
-0.44616997
-0.4634936
-0.49431264
-0.42392012
-0.70054543
-0.4433951
-0.5668596
-0.38770384
-0.45578355
-0.3877435
-0.36515787
-0.47613776
-0.49929172
-0.5028494
-0.5752106
-0.4603547
-0.45778942
-0.5883111
-0.42790312
-0.30603963
-0.5052514
-0.5173623
-0.41586545
-0.48824382
-0.36461288
-0.45366254
-0.46249992
-0.43698823
-0.4979639
-0.5338701
-0.5140604
-0.37510777
-0.34683052
-0.40543532
-0.3085968
-0.22832868
-0.4538415
-0.38000575
-0.55680573
-0.40765935
-0.48121727
-0.3393468
-0.40255785
-0.40553042
-0.31218642
-0.5241231
-0.5394825
-0.4773075
-0.64185435
-0.52964616
-0.45734626
-0.34835452
-0.4116655
-0.42906368
-0.43082494
-0.36575836
-0.36442775
-0.36017215
-0.39453578
-0.28530782
-0.28774917
-0.46056318
-0.4061923
-0.54746825
-0.6163667
-0.33738685
-0.40197906
-0.39619988
-0.47298
-0.5087348
-0.37470084
-0.4436495
-0.3615827
-0.4046176
-0.29784775
-0.5034962
-0.38224357
-0.45404026
-0.3868303
-0.50259626
-0.39658234
-0.5370413
-0.4586605
-0.3485105
-0.42462897
-0.52438414
-0.3216142
-0.5721369
-0.3770453
-0.36947668
-0.40546727
-0.38693726
-0.5431316
-0.49001104
-0.4192645
-0.41286513
-0.35361636
-0.5189594
-0.34588605
-0.45599872
-0.3008548
-0.49575388
-0.3379424
-0.42237693
-0.38970965
-0.78319645
-0.3498991
-0.41708994
-0.5245515
-0.37430942
-0.42668766
-0.4105971
-0.3903556
-0.33239403
-0.4136055
-0.51664174
-0.4307991
-0.27984008
-0.3268807
-0.3821265
-0.3458177
-0.42954308
-0.49496248
-0.3961685
-0.33827317
-0.36560482
-0.4273371
-0.54462075
-0.4507879
-0.4397691
-0.42744428
-0.34702742
-0.4593773
-0.28926617
-0.45322686
-0.41030127
-0.5613724
-0.4626778
-0.64606583
-0.3041801
-0.39959437
-0.652615
-0.39928693
-0.8439879
-0.53029764
-0.521918
-0.39826417
-0.47719437
-0.33908
-0.35932088
-0.51526785
-0.42754775
-0.39469874
-0.4450704
-0.3924794
-0.43498868
-0.3749994
-0.635836
-0.4336717
-0.49673653
-0.54964614
-0.4306226
-0.46289328
-0.355757
-0.38777617
-0.3415649
-0.2854517
-0.5096313
-0.3933196
-0.43482307
-0.6193509
-0.34394968
-0.22495526
-0.4459216
-0.44412345
-0.48749298
-0.3728704
-1.1153171
-1.0724847
-0.8584296
-1.18827
-1.1127858
-1.2033627
-0.8643003
-1.2534137
-1.0566028
-0.6308459
-0.94760704
-0.68151283
-1.0604874
-1.084002
-1.1023777
-0.94851047
-0.9438424
-1.101773
-1.1098942
-0.9916017
-0.9848609
-1.3560913
-1.2064168
-1.2816718
-1.0855433
-0.9975706
-0.85662925
-1.0006045
-0.79747343
-1.199994
-0.97759116
-1.1110051
-1.2346859
-1.1334933
-0.89059854
-1.1628432
-0.9042671
-1.011994
-1.2598327
-1.0461017
-1.020652
-1.1052973
-0.8873837
-1.18461
-0.82141936
-1.1019263
-1.1191561
-1.2194538
-1.0642223
-0.92245126
-1.2152146
-0.95713407
-0.911198
-0.45543832
-0.4879892
-0.40793163
-0.5064821
-0.3450394
-0.40822476
-0.3939402
-0.43974495
-0.5310906
-0.5058236
-0.4043095
-0.44126275
-0.23547521
-0.28079933
-0.52369434
-0.44973075
-0.5043652
-0.4882325
-0.53580457
-0.40249777
-0.3902464
-0.26233867
-0.40454647
-0.41338816
-0.65351295
-0.38901544
-0.6428764
-0.30166906
-0.4008628
-0.29779315
-0.39391062
-0.36789942
-0.44701314
-0.39439422
-0.27820817
-0.5532097
-0.4630311
-0.38810498
-0.39709407
-0.37725604
-0.34731004
-0.5565742
-0.44704556
-0.30280316
-0.45561945
-0.28995526
-0.35025027
-0.56076163
-0.2971806
-0.48945838
-0.34757847
-0.48206452
-0.2984143
-0.338698
-0.38783377
-0.3506142
-0.27060366
-0.49129543
-0.34518063
-0.47938347
-0.46901524
-0.37836236
-0.39350277
-0.33052105
-0.37041909
-0.41029373
-0.39852512
-0.3070233
-0.3137281
-0.45100498
-0.4228612
-0.38974187
-0.36728516
-0.39669356
-0.35589093
-0.36391902
-0.40943938
-0.42812288
-0.49459532
-0.4848
-0.47709152
-0.3222117
-0.3995407
-0.3182569
-0.45434585
-0.4589496
-0.34485102
-0.34689862
-0.39316368
-0.2481452
-0.5537836
-0.4994719
-0.3153364
-0.411618
-0.27369705
-0.4149847
-0.42811093
-0.30364165
-0.43948227
-0.41011187
-0.38585898
-0.3293947
-0.2883799
-0.40739274
-0.4648718
-0.23485355
-0.36385262
-0.277214
-0.5264181
-0.39721078
-0.34533042
-0.4861921
-0.29607874
-0.4733581
-0.354474
-0.4284295
-0.38861346
-0.45900756
-0.31378233
-0.37662306
-0.44729486
-0.44494823
-0.46517494
-0.5240058
-0.4756096
-0.32832992
-0.48934743
-0.52768123
-0.43097252
-0.34152967
-0.42675263
-0.40965223
-0.38976708
-0.31374836
-0.39113516
-0.5680078
-0.30033553
-0.45274758
-0.45114124
-0.44443303
-0.44115615
-0.4268058
-0.31039602
-0.3384264
-0.40782937
-0.41425118
-0.33400995
-0.4482657
-0.3322546
-0.47260088
-0.47175443
-0.4884591
-0.4201116
-0.6506078
-0.4368155
-0.25661927
-0.3019045
-0.5009042
-0.32757416
-0.47290817
-0.5725149
-0.38835073
-0.3926143
-0.2641248
-0.29658586
-0.27087805
-0.2744627
-0.40447557
-0.25342125
-0.30137175
-0.31321877
-0.4443537
-0.4155582
-0.38524657
-0.31234217
-0.39371693
-0.5247433
-0.3205624
-0.28104246
-0.3266076
-0.46945217
-0.4217624
-0.34500238
-0.3163761
-0.32897085
-0.4968351
-0.37550318
-0.3650831
-0.4158666
-0.3060249
-0.3725234
-0.43020695
-0.61898315
-0.42709696
-0.36287758
-0.31572473
-0.4056856
-0.49555004
-0.41011003
-0.34004423
-0.56105745
-0.42861193
-0.31269684
-0.30036876
-0.33572465
-0.40366182
-0.4278981
-0.2690986
-0.3676079
-0.32849342
-0.5041374
-0.37118202
-0.41742146
-0.43375087
-0.27204868
-0.37389773
-0.3959971
-0.4606233
-0.375383
-0.38439184
-0.3833228
-0.3463104
-0.3822291
-0.30206066
-0.30805922
-0.40078592
-0.3343047
-0.3608777
-0.2831584
-0.33259153
-0.3626681
-0.3535995
-0.48459232
-0.32178476
-0.502335
-0.27426976
-0.558167
-0.34448662
-0.34196043
-0.43908697
-0.28749937
-0.35997224
-0.45067036
-0.3052901
-0.6169145
-0.37332612
-0.34136218
-0.3620212
-0.2854991
-0.32329246
-0.26833704
-0.35258216
-0.31681103
-0.49406558
-0.40524697
-0.44928598
-0.47095305
-0.41052467
-0.28639257
-0.5150502
-0.32386267
-0.33857554
-0.36974108
-0.403655
-0.43906286
-0.44518602
-0.41648573
-0.5361503
-0.36460942
-0.4590025
-0.417691
-0.23923866
-0.37257904
-0.3411004
-0.26427138
-0.35105625
-0.38202542
-0.33664027
-0.36737496
-0.37813458
-0.29904616
-0.32476202
-0.49507514
-0.6080326
-0.34327024
-0.32442117
-0.41028637
-0.3853585
-0.4028479
-0.4159906
-0.42543808
-0.4685929
-0.58618873
-0.4678514
-0.5022994
-0.54830766
-0.47556698
-0.36316
-0.47162107
-0.39387453
-0.47586977
-0.3163598
-0.39161915
-0.4010805
-0.9221134
-0.88011223
-0.94884574
-1.1404817
-0.9198305
-0.8349507
-0.8584019
-0.85076195
-0.9691346
-0.9201479
-1.0259439
-1.3804636
-0.91657007
-0.9141687
-1.1054958
-1.1289396
-1.0897549
-1.1254017
-0.42691404
-0.5826896
-0.8705423
-1.1188936
-0.7611034
-1.1078749
-1.2300792
-1.1035981
-1.0257261
-0.67087674
-0.91023004
-1.1177658
-0.941121
-0.7901176
-0.97425544
-1.0846776
-0.8457231
-1.0927341
-0.8937519
-0.6311894
-0.8528968
-1.0622803
-1.0091996
-0.71917176
-0.58438224
-0.8634109
-1.1050491
-1.1047672
-1.2553079
-0.9860121
-0.90279615
-0.9964857
-0.82099414
-0.84666246
-0.80449754
-0.51971257
-0.5215424
-0.38538113
-0.44256556
-0.4587285
-0.42699167
-0.3560371
-0.31259835
-0.37438112
-0.32245138
-0.3670389
-0.60370934
-0.44148764
-0.3241155
-0.21377029
-0.5698595
-0.28983402
-0.30547994
-0.39881593
-0.43976107
-0.4570781
-0.39450198
-0.3466193
-0.36135137
-0.33990842
-0.4868941
-0.2548927
-0.32396692
-0.32476383
-0.51803696
-0.50632447
-0.347065
-0.26665795
-0.3377054
-0.32705843
-0.41173494
-0.35097414
-0.42379868
-0.3130564
-0.27885526
-0.24883066
-0.46169683
-0.2665724
-0.42027435
-0.4662431
-0.30078322
-0.28772262
-0.3170641
-0.29408994
-0.35150036
-0.31419384
-0.3674173
-0.27643338
-0.3475294
-0.3028468
-0.33716577
-0.42781055
-0.43381435
-0.23997363
-0.28599975
-0.5777043
-0.3065381
-0.2513008
-0.3873672
-0.29859152
-0.4257878
-0.495593
-0.36285627
-0.37280983
-0.25875938
-0.38373604
-0.4820434
-0.3664323
-0.4060163
-0.38327357
-0.3145221
-0.53908265
-0.34912735
-0.51526976
-0.33583525
-0.3409189
-0.40432227
-0.4166226
-0.55487573
-0.48608658
-0.34664488
-0.38309813
-0.37324214
-0.2875432
-0.42141616
-0.42187297
-0.4055695
-0.34360814
-0.46583915
-0.30200452
-0.33666253
-0.4499885
-0.31964058
-0.30287126
-0.3089579
-0.3743037
-0.42669857
-0.2652936
-0.31551337
-0.20008226
-0.37382314
-0.4195163
-0.3988685
-0.41598338
-0.26235306
-0.37650913
-0.35165137
-0.38676298
-0.3575325
-0.31927568
-0.4474954
-0.39806503
-0.3642649
-0.54606694
-0.3786893
-0.348139
-0.3087892
-0.46621346
-0.43612462
-0.4641205
-0.26307577
-0.39605603
-0.3442027
-0.43641466
-0.38801706
-0.39647174
-0.30963466
-0.28094122
-0.3899994
-0.38486636
-0.27109045
-0.4144828
-0.28432795
-0.45281684
-0.37975848
-0.27346516
-0.3272276
-0.33590716
-0.4863912
-0.3409855
-0.3951413
-0.23593761
-0.22806978
-0.323861
-0.4627563
-0.23464957
-0.5431353
-0.30519477
-0.3709069
-0.5293863
-0.37515983
-0.39778954
-0.5384519
-0.41497725
-0.38730502
-0.40687352
-0.33371556
-0.49794936
-0.2981623
-0.37998345
-0.46293044
-0.43738478
-0.42340127
-0.4535864
-0.33833987
-0.39445662
-0.22973286
-0.36547735
-0.40999988
-0.3316779
-0.48446137
-0.4474655
-0.32407486
-0.3096844
-0.4675721
-0.36333495
-0.32533735
-0.29304042
-0.2061035
-0.35047275
-0.31743807
-0.406915
-0.50652087
-0.3707055
-0.50883204
-0.31641132
-0.33501208
-0.2587743
-0.40703946
-0.3470365
-0.27361682
-0.36979538
-0.5621744
-0.39486444
-0.50504863
-0.25621313
-0.35282883
-0.5113471
-0.5334533
-0.29599085
-0.4554893
-0.34932387
-0.5283873
-0.3223841
-0.44241324
-0.25776696
-0.3833893
-0.31658673
-0.32188275
-0.24449646
-0.22679275
-0.43859643
-0.32582203
-0.30692953
-0.28826028
-0.42814374
-0.23362762
-0.34916496
-0.34554464
-0.3667858
-0.381013
-0.4581523
-0.2887824
-0.34770295
-0.48146296
-0.36117616
-0.33078676
-0.30651206
-0.46328014
-0.21909979
-0.3400606
-0.33460402
-0.29221967
-0.2717288
-0.40844256
-0.5149409
-0.48344815
-0.38384473
-0.23351294
-0.3919981
-0.4855787
-0.4752007
-0.36523116
-0.30561227
-0.4683546
-0.34737533
-0.46132833
-0.43921632
-0.37581202
-0.23359548
-0.35629046
-0.36200583
-0.3701375
-0.35389927
-0.34064758
-0.3155914
-0.44086236
-0.47527286
-0.3926046
-0.27105778
-0.36277112
-0.39345244
-0.43102735
-0.41833442
-0.40486422
-0.5632419
-0.28985167
-0.51276517
-0.40475935
-0.39748862
-0.34585577
-0.26590645
-0.39948225
-0.4594214
-0.3841338
-0.3178352
-0.38353258
-0.34246606
-0.403607
-0.5758795
-0.5776836
-0.22367461
-0.31749105
-0.3255368
-0.5368633
-0.5373122
-0.5145401
-0.38379028
-0.39883548
-0.26530194
-0.38177583
-0.3966657
-0.27203906
-0.32468966
-0.2611279
-0.41044658
-0.34375578
-0.3655035
-0.27068934
-0.77467036
-1.0070422
-0.9117745
-0.89665437
-1.0236175
-1.2644377
-1.0759915
-1.0706592
-1.0363615
-0.9452535
-1.0035207
-1.0194101
-0.96635914
-0.99142075
-0.9623823
-0.8745581
-0.9256668
-1.2567482
-0.9965543
-1.0314443
-0.8194759
-0.9896854
-1.0666206
-1.1646762
-1.1892908
-1.4201031
-1.2088649
-0.8449789
-1.2846758
-1.5634527
-1.0226654
-0.97158194
-0.7781146
-0.7953943
-1.1616123
-0.8401581
-1.1438662
-1.188832
-1.0196109
-0.93591917
-1.2066183
-0.72518647
-0.8821771
-1.0754313
-1.301374
-1.0930603
-1.2469119
-1.1751796
-0.9859333
-1.2908189
-0.9256655
-0.8117512
-1.1427026
-0.4112109
-0.33047655
-0.27246672
-0.3592143
-0.41994655
-0.3533544
-0.4930901
-0.32981622
-0.2338351
-0.32142287
-0.5563635
-0.37025473
-0.40637377
-0.41771966
-0.3780643
-0.20594281
-0.42230964
-0.44572455
-0.45329863
-0.49532592
-0.2512742
-0.35646778
-0.23852718
-0.37355894
-0.34493214
-0.40720743
-0.24394846
-0.2506069
-0.33914244
-0.26132458
-0.3799606
-0.3234888
-0.3302865
-0.30406755
-0.39922404
-0.40932333
-0.2530894
-0.36213157
-0.29020053
-0.44623607
-0.34114313
-0.58240604
-0.48317075
-0.38665146
-0.54292345
-0.4384453
-0.43556905
-0.35610807
-0.39394712
-0.3039325
-0.2900476
-0.35968834
-0.30333856
-0.44065243
-0.379616
-0.3236207
-0.34707117
-0.42294133
-0.3817388
-0.41576648
-0.3678816
-0.33715808
-0.315785
-0.45474887
-0.24727213
-0.44013166
-0.33902204
-0.32550526
-0.45197624
-0.37354264
-0.42117307
-0.3536266
-0.35013664
-0.28667447
-0.28522986
-0.28533813
-0.30778673
-0.36855853
-0.38533807
-0.31267846
-0.27187985
-0.347092
-0.28353137
-0.24700078
-0.27253908
-0.31865644
-0.29057956
-0.30186415
-0.26939407
-0.36398935
-0.47751224
-0.3279274
-0.52377605
-0.30785838
-0.41929573
-0.33816534
-0.29719335
-0.19089296
-0.34387115
-0.33338648
-0.40898842
-0.4162762
-0.28238574
-0.41139522
-0.34577248
-0.31254888
-0.4137395
-0.40211606
-0.22989354
-0.25305948
-0.31527814
-0.38557112
-0.35233372
-0.24124458
-0.37300032
-0.4937807
-0.3653577
-0.45344147
-0.421183
-0.31927136
-0.44311935
-0.35756803
-0.4875968
-0.20547684
-0.31914634
-0.2001513
-0.28691298
-0.44555148
-0.39329112
-0.252372
-0.27894264
-0.36992502
-0.37962836
-0.21535563
-0.28638703
-0.36657238
-0.27126825
-0.20463005
-0.3322419
-0.2831584
-0.2717908
-0.25720075
-0.4568004
-0.30125138
-0.18354738
-0.34427965
-0.26397163
-0.2588688
-0.48052996
-0.38334018
-0.29033965
-0.3316275
-0.4587043
-0.28420308
-0.33477962
-0.3038879
-0.36744046
-0.33232766
-0.48367864
-0.33638248
-0.5515063
-0.419967
-0.49529508
-0.33206716
-0.33603123
-0.2900551
-0.45260242
-0.23553059
-0.29165065
-0.41320556
-0.6079232
-0.3126732
-0.39238396
-0.40495175
-0.48261482
-0.25711495
-0.37492937
-0.36441565
-0.27203277
-0.51151067
-0.45961368
-0.49127215
-0.34637022
-0.3281597
-0.39071047
-0.34411854
-0.333002
-0.39694285
-0.3182639
-0.45389864
-0.22048551
-0.3937266
-0.4218065
-0.33170548
-0.3584242
-0.27078652
-0.4114835
-0.5092455
-0.34720355
-0.3051874
-0.42919052
-0.4104616
-0.34341973
-0.3499719
-0.390957
-0.43934247
-0.29098243
-0.499927
-0.27933174
-0.30734286
-0.3112194
-0.46650138
-0.36362898
-0.29345176
-0.20720978
-0.3594333
-0.28059012
-0.24445236
-0.33697063
-0.33599123
-0.47562984
-0.21659237
-0.2553892
-0.19457659
-0.26155436
-0.4684276
-0.35341886
-0.43441063
-0.28206193
-0.40496162
-0.28989697
-0.31874162
-0.21482567
-0.2883954
-0.30380052
-0.37160435
-0.33681577
-0.3035546
-0.21972442
-0.4297139
-0.22941208
-0.3347498
-0.2591948
-0.24222314
-0.298357
-0.27431452
-0.27452102
-0.40352547
-0.36403653
-0.25075793
-0.2151712
-0.3823341
-0.31030822
-0.29913968
-0.40831423
-0.30899885
-0.35286713
-0.26620376
-0.35157374
-0.32733813
-0.47486457
-0.32086474
-0.37598053
-0.35252172
-0.3817822
-0.40469933
-0.41622734
-0.31234512
-0.39364582
-0.38626295
-0.41965204
-0.46780467
-0.39504576
-0.40520898
-0.31461853
-0.20929113
-0.44022796
-0.3124783
-0.40418422
-0.43000948
-0.2555303
-0.35824025
-0.30229062
-0.4918
-0.30040058
-0.5249249
-0.31076163
-0.43721917
-0.3086732
-0.25196302
-0.39757347
-0.4856833
-0.31113964
-0.3079041
-0.20746009
-0.4263892
-0.43517205
-0.39770705
-0.39316154
-0.40332896
-0.41102445
-0.30834338
-0.4293642
-0.4138667
-1.2727394
-1.0955976
-1.1805525
-0.60272783
-1.0089452
-1.5118661
-1.0820082
-1.0650771
-1.1376358
-0.93096185
-1.0905282
-1.2141787
-0.9214952
-1.1786311
-1.1521933
-0.99888605
-0.9419972
-0.9277131
-1.0972211
-1.4021192
-1.038794
-0.9465873
-1.1206759
-1.3435985
-0.9182774
-1.1004077
-1.1214151
-0.6838752
-0.85818326
-0.7251879
-0.93733853
-0.85971725
-1.105936
-0.7859168
-0.85369873
-0.85373193
-0.92956084
-1.0691984
-0.7764431
-1.0366542
-0.70671064
-0.8768817
-1.3339663
-0.78668344
-0.9803989
-1.0968566
-0.75300133
-1.0156674
-0.89645123
-0.8592921
-1.0121875
-1.5205451
-1.1896813
-0.34663385
-0.2476076
-0.36597985
-0.54319406
-0.4377234
-0.4033143
-0.32663602
-0.42012042
-0.3150031
-0.31759357
-0.28840595
-0.61774236
-0.572332
-0.35107285
-0.25884688
-0.46137148
-0.30928403
-0.39140353
-0.4166232
-0.37163633
-0.3008142
-0.31857234
-0.278408
-0.33498392
-0.34899455
-0.3653333
-0.35689056
-0.30485177
-0.39582595
-0.3590762
-0.45728576
-0.41382962
-0.41242886
-0.2967233
-0.29873407
-0.25917187
-0.36096454
-0.43310407
-0.29675627
-0.24669793
-0.230095
-0.3578385
-0.5367745
-0.49954847
-0.25274903
-0.27153218
-0.22429582
-0.37812936
-0.5945345
-0.17442003
-0.28710186
-0.43372148
-0.41210446
-0.2619899
-0.42964143
-0.42702064
-0.3932641
-0.38258165
-0.24794146
-0.3469733
-0.3267312
-0.2499305
-0.24312447
-0.4175107
-0.2944406
-0.2530563
-0.33459458
-0.45062172
-0.38205212
-0.48823667
-0.31535494
-0.3022581
-0.27642205
-0.24082458
-0.398632
-0.27056146
-0.28929716
-0.3202976
-0.3218684
-0.31343988
-0.37548625
-0.24988677
-0.36546913
-0.26295018
-0.39853156
-0.43200636
-0.2766996
-0.3209744
-0.3744802
-0.43252575
-0.19090012
-0.26794702
-0.37386698
-0.23625411
-0.33433706
-0.33117178
-0.34144926
-0.29627135
-0.35474655
-0.41348296
-0.30847362
-0.40156183
-0.39119452
-0.25998652
-0.37643778
-0.43347552
-0.38969535
-0.26322109
-0.3474568
-0.5103797
-0.3093142
-0.2628842
-0.3745516
-0.18439819
-0.2669574
-0.33932614
-0.28709114
-0.39137253
-0.36178058
-0.31484663
-0.3533123
-0.583776
-0.26362962
-0.2807099
-0.20399237
-0.3877107
-0.63135666
-0.34808433
-0.32339796
-0.324857
-0.24980772
-0.26369196
-0.39632195
-0.23136593
-0.295108
-0.24978675
-0.36841008
-0.35370126
-0.2807314
-0.38225245
-0.38013244
-0.28530127
-0.36959696
-0.2753169
-0.25717393
-0.3491056
-0.3004928
-0.5443814
-0.33609182
-0.25960714
-0.23510003
-0.32672894
-0.35852024
-0.381657
-0.23044494
-0.26678705
-0.24030767
-0.2541021
-0.24098477
-0.41938984
-0.35895136
-0.36574903
-0.4318992
-0.3159061
-0.31321207
-0.28729725
-0.309601
-0.33697143
-0.28905308
-0.2780616
-0.34706682
-0.3594486
-0.27835792
-0.27519742
-0.2730413
-0.35857886
-0.361957
-0.3214352
-0.30761397
-0.26164815
-0.23038179
-0.45021483
-0.2578475
-0.161728
-0.2539264
-0.28226078
-0.31695056
-0.42538732
-0.27795875
-0.378675
-0.5690272
-0.3176638
-0.5647558
-0.32719842
-0.26797256
-0.2674137
-0.26636472
-0.47621748
-0.46017063
-0.32117406
-0.19450045
-0.46137422
-0.2949102
-0.6866694
-0.27027318
-0.27437007
-0.42287606
-0.50994873
-0.426858
-0.24958321
-0.33906633
-0.36116016
-0.3495955
-0.27735692
-0.32678002
-0.3680424
-0.48595524
-0.21727729
-0.32757246
-0.3546298
-0.32138035
-0.34597218
-0.28234544
-0.44242734
-0.28574854
-0.39227825
-0.26007536
-0.345905
-0.33872634
-0.29740107
-0.46009836
-0.44467846
-0.32675454
-0.43454996
-0.3674994
-0.28046417
-0.28994069
-0.30997276
-0.453293
-0.24333265
-0.22522518
-0.4074775
-0.4294031
-0.38603747
-0.2509253
-0.35118774
-0.27447605
-0.3261571
-0.2452443
-0.4871391
-0.31075394
-0.33376834
-0.21386798
-0.32804984
-0.28021103
-0.34805036
-0.40388653
-0.3202241
-0.2749318
-0.2821715
-0.32615077
-0.47291747
-0.52369225
-0.4062148
-0.25865805
-0.34838673
-0.3188866
-0.42762935
-0.33510172
-0.2583922
-0.3474304
-0.25784758
-0.30296838
-0.2863161
-0.25017536
-0.2415625
-0.30875593
-0.37598112
-0.3453674
-0.4730094
-0.58986384
-0.25545156
-0.41341075
-0.48726684
-0.3231764
-0.4512697
-0.31715238
-0.4805603
-0.36233652
-0.33408344
-0.30232707
-0.4075509
-0.40688398
-0.25183588
-0.40819326
-0.35800183
-0.27223605
-0.3693443
-0.2587573
-0.45979285
-0.2960922
-0.30832028
-0.29222938
-0.3723759
-1.0792339
-1.2142603
-0.9594334
-0.91872144
-1.0652812
-1.2867442
-0.86029065
-1.6902862
-1.5239772
-0.93438977
-0.7439172
-0.79201925
-0.65786374
-0.9441631
-0.95894754
-1.0155594
-1.0173678
-1.2414374
-1.2039521
-1.0792444
-1.098504
-1.1598
-0.77160203
-1.1861467
-1.0184073
-1.1632749
-0.75221145
-0.8639164
-0.74281144
-0.76302105
-0.87345815
-0.77871644
-0.9404758
-0.8391212
-1.3056967
-0.8910618
-1.0975388
-0.99244326
-1.2357876
-0.8866254
-1.0389078
-1.3102796
-0.9750196
-0.913899
-1.1372223
-1.2069323
-1.0824969
-0.86172074
-0.9494867
-1.0311587
-0.7143332
-0.9976155
-0.7361946
-0.31418112
-0.30888072
-0.48096108
-0.3122888
-0.21808665
-0.37136197
-0.44614336
-0.3631271
-0.30421025
-0.27028632
-0.26622176
-0.44261417
-0.3064496
-0.33333164
-0.32969397
-0.22476473
-0.27172682
-0.44833517
-0.40642315
-0.33805963
-0.46503258
-0.3027261
-0.26638263
-0.41792738
-0.2307097
-0.35279298
-0.37311336
-0.32831666
-0.24942885
-0.36256462
-0.3448146
-0.36556178
-0.44038767
-0.34228927
-0.46970707
-0.4973065
-0.3466993
-0.41463017
-0.21046609
-0.2140825
-0.25712848
-0.33064732
-0.30987358
-0.4811248
-0.27982152
-0.29964852
-0.43318552
-0.3000481
-0.38936058
-0.22011866
-0.21008661
-0.34822094
-0.18160433
-0.5107282
-0.2813148
-0.24111618
-0.2628898
-0.23022136
-0.37474588
-0.3161711
-0.24311844
-0.201083
-0.28120282
-0.39450115
-0.32095948
-0.36753517
-0.39556718
-0.28689122
-0.27640855
-0.29575434
-0.33510226
-0.51265234
-0.2724958
-0.3118254
-0.27316764
-0.40494803
-0.22800466
-0.17306967
-0.38001028
-0.23330188
-0.26718295
-0.30363193
-0.5470036
-0.22674221
-0.3323998
-0.28190508
-0.3609929
-0.31005892
-0.26302326
-0.48611456
-0.29998314
-0.28965622
-0.24165532
-0.25838625
-0.28923446
-0.2974149
-0.54514563
-0.21114507
-0.18982969
-0.45298317
-0.24738175
-0.3737086
-0.30317277
-0.23377183
-0.3402595
-0.37290794
-0.38156685
-0.3016985
-0.23495433
-0.41470456
-0.41264665
-0.2589535
-0.35727245
-0.4053186
-0.26517653
-0.24082348
-0.25063154
-0.38669646
-0.40744102
-0.30097008
-0.37606072
-0.27129236
-0.42894277
-0.4190034
-0.33174172
-0.34629506
-0.37990642
-0.27340722
-0.21063939
-0.3893658
-0.3583802
-0.3215156
-0.29556304
-0.25480103
-0.306662
-0.3079279
-0.2481545
-0.32525554
-0.2543019
-0.2572759
-0.23511568
-0.26779377
-0.16845521
-0.25650263
-0.49439567
-0.23294856
-0.31392688
-0.36116815
-0.25646752
-0.13470629
-0.2833737
-0.4457152
-0.22434315
-0.28830528
-0.32510847
-0.5153491
-0.33092183
-0.35879645
-0.24158643
-0.5840597
-0.31865886
-0.39817125
-0.20671524
-0.30869985
-0.2389595
-0.30073842
-0.28534248
-0.3656489
-0.34276932
-0.3900743
-0.29176217
-0.29123935
-0.2708735
-0.23561645
-0.34725606
-0.20517021
-0.3576948
-0.30591023
-0.33195537
-0.2738404
-0.51120806
-0.25447297
-0.26964024
-0.36112297
-0.32695422
-0.30797142
-0.2488231
-0.45737362
-0.23054913
-0.32658857
-0.22195278
-0.21084663
-0.2971807
-0.25681278
-0.36637348
-0.27860636
-0.28033507
-0.27201447
-0.19462347
-0.23463258
-0.32898614
-0.33932137
-0.51390225
-0.27496907
-0.37062067
-0.35349938
-0.3101564
-0.3011825
-0.3215536
-0.43402746
-0.26155493
-0.333861
-0.3953971
-0.3950539
-0.36592656
-0.37469295
-0.3369465
-0.19971833
-0.2605634
-0.38460255
-0.2960106
-0.29620135
-0.25422776
-0.48363948
-0.270519
-0.28116447
-0.23461266
-0.45866117
-0.21522185
-0.3503784
-0.35287178
-0.3011247
-0.17116825
-0.30804837
-0.27665448
-0.3299662
-0.2906938
-0.37277368
-0.23363352
-0.26406643
-0.3130653
-0.3412983
-0.37961426
-0.3036983
-0.34409416
-0.3772664
-0.43041492
-0.28955364
-0.27868104
-0.2945309
-0.37260735
-0.29894632
-0.31021065
-0.41407526
-0.35698107
-0.26483074
-0.40571547
-0.38473243
-0.20629975
-0.29605263
-0.35590494
-0.32001323
-0.32001537
-0.32508588
-0.2730434
-0.2289744
-0.37974635
-0.3302724
-0.33414754
-0.45910367
-0.36105517
-0.26157153
-0.22238493
-0.29004183
-0.30501086
-0.32054657
-0.28998184
-0.40268546
-0.24744576
-0.30699936
-0.3637112
-0.24900714
-0.54988194
-0.21296073
-0.24010408
-0.3310096
-0.29505813
-0.38395196
-0.42014706
-0.32226592
-0.33650938
-0.25690633
-0.24439192
-0.4139732
-0.36455053
-0.37524086
-0.25420743
-0.26950443
-0.3455706
-0.5284373
-0.3841171
-0.43159014
-0.255
-0.34089822
-0.93529475
-0.98285675
-0.9805933
-0.98360205
-1.5337586
-1.1347339
-1.0237414
-0.6815212
-0.8346995
-0.8815812
-0.9156418
-0.81581056
-1.599754
-0.8612613
-1.0933424
-1.0453566
-0.7730332
-1.3524377
-0.9719379
-1.043162
-0.84827995
-0.8823408
-1.0163591
-0.9515901
-0.9201789
-0.9413439
-0.80803555
-0.81837714
-0.8381954
-1.1089257
-1.1352804
-0.9418628
-1.0552263
-1.0509808
-0.7976459
-0.8258345
-0.909739
-1.3136628
-1.0154806
-0.97693217
-1.2157586
-0.98927134
-0.9976448
-0.8880254
-0.7935108
-0.8713572
-0.87507534
-0.99268824
-1.0840747
-1.0079291
-1.0541259
-1.0405116
-0.66525406
-0.23175015
-0.34396183
-0.34515706
-0.35386938
-0.3082477
-0.3758584
-0.21060696
-0.36732376
-0.27614784
-0.33491856
-0.17908528
-0.4418209
-0.28224665
-0.22459722
-0.37041
-0.31622624
-0.22871695
-0.399069
-0.2544986
-0.21855164
-0.28896785
-0.32942253
-0.25271836
-0.28918698
-0.3431399
-0.24327318
-0.19540678
-0.27679282
-0.20515193
-0.3855986
-0.28197902
-0.31778705
-0.39195594
-0.24883798
-0.31084585
-0.20430395
-0.45708168
-0.32525572
-0.21773338
-0.26123133
-0.33933288
-0.27479255
-0.3507565
-0.1942775
-0.2796595
-0.30925843
-0.18306884
-0.24193509
-0.31445074
-0.17684737
-0.31179863
-0.309208
-0.2730246
-0.31892765
-0.27286607
-0.36783877
-0.24732105
-0.49461198
-0.33827132
-0.33265316
-0.2736766
-0.24054098
-0.39121172
-0.21886581
-0.2996322
-0.31977415
-0.413805
-0.40605533
-0.3347896
-0.20674428
-0.23769502
-0.21178466
-0.2897715
-0.2775614
-0.3374467
-0.2585163
-0.2948687
-0.25976425
-0.29202664
-0.38486552
-0.4130743
-0.40378982
-0.35195616
-0.33268836
-0.26324457
-0.41024607
-0.3780377
-0.27409157
-0.32018018
-0.39986908
-0.39231056
-0.37377328
-0.25910255
-0.23575443
-0.2539605
-0.23274238
-0.23814845
-0.3796401
-0.5381854
-0.2860958
-0.33178014
-0.1721831
-0.2687799
-0.3815105
-0.282842
-0.26036462
-0.38703027
-0.31370634
-0.43023586
-0.29430658
-0.30336744
-0.39707598
-0.3421078
-0.31698245
-0.3913505
-0.37948358
-0.33463165
-0.26956514
-0.3373149
-0.28537524
-0.26669717
-0.30604762
-0.34882808
-0.21678773
-0.2611966
-0.17666942
-0.37676919
-0.22321916
-0.3190742
-0.28576443
-0.29528108
-0.20699584
-0.38007763
-0.29689798
-0.3090701
-0.24670352
-0.2526499
-0.18599355
-0.52079964
-0.38075823
-0.21693116
-0.34755597
-0.54759526
-0.31578416
-0.28689492
-0.3056633
-0.3703732
-0.24966712
-0.2499128
-0.31518108
-0.38450342
-0.43138343
-0.45904738
-0.23430927
-0.28231746
-0.27831978
-0.38159174
-0.27162024
-0.34714153
-0.4056342
-0.3035568
-0.4741581
-0.44930312
-0.2316413
-0.40784985
-0.39329267
-0.2965191
-0.28827247
-0.34135264
-0.27183628
-0.26855528
-0.2670253
-0.35163718
-0.3642844
-0.37084723
-0.3200282
-0.26857072
-0.29631692
-0.2135024
-0.31065804
-0.38760114
-0.4224064
-0.3088989
-0.26751325
-0.22168624
-0.2664624
-0.35132024
-0.26381946
-0.28583878
-0.32700694
-0.4226767
-0.38374084
-0.43184882
-0.32568073
-0.20397341
-0.32522285
-0.37987256
-0.32523885
-0.23369877
-0.2778814
-0.3341077
-0.37446016
-0.29885483
-0.33300906
-0.22715527
-0.2424123
-0.2063157
-0.37915456
-0.1956679
-0.37435913
-0.26794055
-0.3218487
-0.43573684
-0.33758646
-0.2871871
-0.30371082
-0.47603357
-0.46229213
-0.37280044
-0.23328482
-0.3008362
-0.3419457
-0.1542753
-0.36894977
-0.41002336
-0.3011069
-0.35949337
-0.39436212
-0.23053628
-0.3062536
-0.26411727
-0.38676298
-0.2882192
-0.3514818
-0.4840299
-0.28154096
-0.27818716
-0.24885675
-0.29002655
-0.2801032
-0.36349106
-0.3020994
-0.2916867
-0.40247133
-0.40081856
-0.40378687
-0.3545371
-0.5675682
-0.35721064
-0.22820416
-0.3583917
-0.41448262
-0.3001691
-0.3367949
-0.34909368
-0.40517488
-0.40117106
-0.42560697
-0.1948264
-0.24195477
-0.27269483
-0.40567625
-0.19711974
-0.43485242
-0.46494856
-0.29483998
-0.30919734
-0.2957475
-0.3397736
-0.26863828
-0.39802313
-0.3325742
-0.30666935
-0.36767256
-0.3425048
-0.29748365
-0.3016645
-0.4210537
-0.23608375
-0.33144036
-0.20585883
-0.28485322
-0.32662106
-0.36219388
-0.25720054
-0.32291782
-0.34243333
-0.3092239
-0.28753358
-0.25190604
-0.24071549
-0.258294
-0.4373498
-0.3683418
-0.32082695
-0.3615334
-0.3215321
-0.20382902
-0.33048907
-0.39990708
-0.3121276
-0.38740322
-0.30595618
-0.29708937
-0.8354032
-0.98670983
-1.1185356
-0.9495383
-1.3494983
-1.5185218
-1.0967662
-1.0359185
-0.99786603
-1.4534123
-0.7115204
-1.3540514
-0.97669137
-1.052925
-0.7239969
-1.0296448
-1.3164742
-0.927953
-1.1176349
-0.81698495
-0.86075616
-1.0244505
-0.8277399
-0.9018377
-0.98888475
-1.0777727
-1.0304929
-1.2129128
-0.940243
-1.2674508
-0.92459315
-0.9590411
-1.2062786
-1.203711
-0.96102864
-1.0874355
-1.0472236
-1.0123215
-1.2399081
-0.81241715
-0.9378878
-1.2032646
-0.99409014
-1.0276531
-0.9505352
-1.2353401
-0.83305216
-1.053644
-0.93481904
-1.0060714
-1.0160928
-0.9362361
-1.0426867
-0.25683144
-0.2986552
-0.26952678
-0.3907327
-0.27555418
-0.21381569
-0.30073264
-0.22825441
-0.46042785
-0.36658275
-0.22433038
-0.3418376
-0.24485588
-0.19203563
-0.35116747
-0.15810788
-0.297267
-0.2833619
-0.3577435
-0.24622321
-0.2908798
-0.28100887
-0.30331895
-0.21437182
-0.33355743
-0.28720823
-0.21692431
-0.25647157
-0.21753037
-0.2489164
-0.34909874
-0.34048092
-0.29332384
-0.33171815
-0.3149414
-0.27068534
-0.24950549
-0.36455405
-0.26905787
-0.3726415
-0.3232229
-0.4168688
-0.30717826
-0.23044625
-0.2592287
-0.19459336
-0.33165395
-0.33474088
-0.4026217
-0.28579217
-0.33303785
-0.2759363
-0.34670287
-0.2789061
-0.28535044
-0.25057015
-0.23016028
-0.28615946
-0.37274972
-0.17904535
-0.27027345
-0.355611
-0.19071978
-0.21820532
-0.1861584
-0.377593
-0.33819622
-0.28882927
-0.27849796
-0.32556194
-0.34954682
-0.238597
-0.21044633
-0.29935664
-0.24080506
-0.271934
-0.36847004
-0.3436293
-0.29548845
-0.37496567
-0.30169025
-0.18609686
-0.22131358
-0.28162748
-0.28234982
-0.39539555
-0.3575209
-0.3655969
-0.2649969
-0.36940938
-0.46707356
-0.43906718
-0.4135704
-0.28694263
-0.44890112
-0.27750582
-0.21580659
-0.3818134
-0.38207638
-0.34909675
-0.29916573
-0.4183021
-0.26821634
-0.2778393
-0.25991523
-0.39374423
-0.31424934
-0.2648172
-0.31469393
-0.38814384
-0.2172431
-0.37455004
-0.31259194
-0.2903031
-0.3924358
-0.3333612
-0.44030422
-0.32595077
-0.44831473
-0.39700207
-0.25896513
-0.2538819
-0.41848445
-0.25850555
-0.29916918
-0.24167185
-0.33398396
-0.2552637
-0.22624367
-0.21252362
-0.39317816
-0.36531764
-0.29523295
-0.36734018
-0.40823793
-0.27818292
-0.40968657
-0.24805832
-0.2572661
-0.15390342
-0.30199268
-0.3480184
-0.3762843
-0.2117927
-0.298241
-0.32450837
-0.2987194
-0.31327805
-0.29907596
-0.32635075
-0.3876474
-0.42174938
-0.2560632
-0.35957837
-0.23422545
-0.3543731
-0.19245058
-0.46359354
-0.47961184
-0.32304195
-0.18085289
-0.355382
-0.2773249
-0.3517666
-0.19083837
-0.36875454
-0.38430586
-0.3239841
-0.29563826
-0.3140037
-0.39117226
-0.29199317
-0.31196767
-0.27204162
-0.34537107
-0.26994297
-0.36951
-0.2906392
-0.28614143
-0.40610868
-0.34551638
-0.34685975
-0.29506427
-0.37636423
-0.12586428
-0.22685084
-0.2968933
-0.24199632
-0.4775315
-0.2735608
-0.23371388
-0.38500193
-0.321737
-0.23018742
-0.20024523
-0.29029047
-0.2794239
-0.2633025
-0.34039092
-0.26000306
-0.44714698
-0.39404047
-0.43399972
-0.21857561
-0.27421635
-0.43036246
-0.42561838
-0.27325034
-0.23023537
-0.34613305
-0.21962506
-0.2674484
-0.19657037
-0.31157798
-0.18010253
-0.3645072
-0.33726546
-0.3122194
-0.3788707
-0.3107765
-0.4135092
-0.23702675
-0.2586177
-0.27848512
-0.22765557
-0.2040869
-0.26450682
-0.33820146
-0.24803635
-0.27928087
-0.2625897
-0.26938903
-0.3964328
-0.303171
-0.30981427
-0.17621493
-0.20668861
-0.31819195
-0.24535275
-0.20845917
-0.40991247
-0.29705834
-0.29831612
-0.2127901
-0.2701565
-0.2347517
-0.28930485
-0.34130988
-0.29043663
-0.21595304
-0.26514763
-0.3563607
-0.26385224
-0.37357125
-0.29092705
-0.3097417
-0.2977981
-0.2666853
-0.18572953
-0.27958155
-0.21111704
-0.27423418
-0.20237538
-0.36654958
-0.28219724
-0.3497812
-0.32006913
-0.24122022
-0.49964762
-0.4093932
-0.35715282
-0.27139202
-0.27178222
-0.23886633
-0.22974387
-0.5445436
-0.3650978
-0.28258905
-0.18883976
-0.33221117
-0.22058797
-0.25740075
-0.34592682
-0.3897924
-0.27530098
-0.19427225
-0.3225298
-0.16464163
-0.19577822
-0.2859165
-0.2257528
-0.23635022
-0.2859567
-0.30029148
-0.18001382
-0.26422954
-0.24247383
-0.19998552
-0.20156485
-0.21266778
-0.15863958
-0.34642583
-0.20442379
-0.2289451
-0.95673305
-1.197998
-0.96999824
-0.83494675
-1.3230686
-1.1498626
-1.0841894
-1.1261644
-1.3495421
-0.7284287
-0.8081132
-1.228286
-0.9868943
-0.80186045
-0.80497915
-1.3680675
-0.9710986
-0.74016106
-1.000732
-1.0883486
-0.9089332
-0.94998443
-1.0649599
-1.0369469
-0.8736119
-1.3133869
-1.0287805
-1.0144758
-1.057064
-1.2497818
-1.1386418
-1.0838239
-1.0057929
-0.7817173
-1.0597181
-1.2828244
-1.1720905
-1.436638
-0.8848116
-0.9621389
-0.98583674
-1.0817957
-0.8491831
-1.2407444
-1.0789344
-0.7536546
-1.181091
-1.3555558
-1.5946827
-0.9931877
-0.8536985
-1.1138257
-0.7885394
-0.2233328
-0.2569896
-0.31800035
-0.17188907
-0.31196192
-0.22447273
-0.3471231
-0.25653172
-0.28050745
-0.31942624
-0.17538632
-0.21300605
-0.19514157
-0.23650205
-0.27945247
-0.23546891
-0.16028336
-0.2897145
-0.21178162
-0.26167914
-0.3854714
-0.37806836
-0.2958205
-0.22724956
-0.28389353
-0.27801335
-0.3197171
-0.20853171
-0.25691408
-0.32725698
-0.15380377
-0.21214005
-0.26837826
-0.28508914
-0.30366558
-0.37093723
-0.31663305
-0.27181438
-0.24090113
-0.28457475
-0.26225075
-0.23079589
-0.34373683
-0.26151565
-0.28268844
-0.2793806
-0.26721656
-0.40969247
-0.26642817
-0.26170582
-0.2699917
-0.4290169
-0.2648116
-0.28529844
-0.32363442
-0.23995496
-0.28184795
-0.28312737
-0.36123392
-0.24320942
-0.2639805
-0.21495882
-0.28753978
-0.22732876
-0.24369958
-0.23715304
-0.2927609
-0.2793036
-0.2935514
-0.2473518
-0.4339381
-0.36484224
-0.2749835
-0.29209363
-0.38474983
-0.34684572
-0.23165172
-0.35443047
-0.17201954
-0.3352041
-0.20122708
-0.41107184
-0.23153266
-0.24535602
-0.25181782
-0.38898286
-0.34255645
-0.22296949
-0.23783657
-0.30398172
-0.22074091
-0.20684177
-0.43654025
-0.37975192
-0.30287775
-0.24159004
-0.35396987
-0.26054275
-0.29841268
-0.39055467
-0.3708418
-0.344289
-0.35027075
-0.30682158
-0.20327696
-0.24154472
-0.3036768
-0.316706
-0.17059425
-0.33856082
-0.43967122
-0.14562821
-0.23142168
-0.26348114
-0.29499936
-0.43493995
-0.27975023
-0.2813638
-0.21732299
-0.28828573
-0.2501027
-0.5245166
-0.40335387
-0.32548252
-0.2039574
-0.29086247
-0.24251938
-0.30330777
-0.44989455
-0.31185386
-0.35995227
-0.33404556
-0.3218116
-0.434174
-0.19000232
-0.33424866
-0.2732666
-0.377387
-0.31258
-0.16439313
-0.46263623
-0.2529821
-0.3632029
-0.3593554
-0.3625751
-0.2097209
-0.352202
-0.2115843
-0.21776511
-0.266742
-0.29093555
-0.3466757
-0.2175613
-0.24713399
-0.29789692
-0.25213748
-0.19035745
-0.26396346
-0.29898655
-0.43825448
-0.47046095
-0.23504093
-0.21238011
-0.24369705
-0.25367445
-0.15442002
-0.31783944
-0.47222412
-0.26881874
-0.3776155
-0.30422923
-0.45967436
-0.25545198
-0.31149545
-0.271549
-0.2198725
-0.23403494
-0.29810148
-0.26130188
-0.34373206
-0.2561837
-0.33841503
-0.20930986
-0.2623072
-0.4042616
-0.35129687
-0.2433655
-0.33305383
-0.3199352
-0.26598382
-0.23121628
-0.25913116
-0.21416725
-0.1958593
-0.24937284
-0.26964116
-0.21694458
-0.42624086
-0.3553884
-0.33412588
-0.2635125
-0.33159328
-0.31379676
-0.28993827
-0.36959463
-0.28839457
-0.24908666
-0.2256436
-0.32714027
-0.45675957
-0.27698803
-0.33794945
-0.25180984
-0.33458954
-0.33751228
-0.3349699
-0.24823686
-0.22187898
-0.39139572
-0.30628285
-0.3687855
-0.42137533
-0.2004333
-0.3925394
-0.40931654
-0.17314701
-0.14690492
-0.18935399
-0.20463769
-0.32429004
-0.29607445
-0.25662953
-0.33955395
-0.31968248
-0.28833476
-0.33013886
-0.24246827
-0.40532726
-0.23497579
-0.20432794
-0.36315596
-0.31413797
-0.2617362
-0.34978485
-0.17104232
-0.3838511
-0.19767334
-0.3618151
-0.5268239
-0.39149362
-0.26578707
-0.29803532
-0.34882727
-0.3649047
-0.27998462
-0.3231995
-0.36732775
-0.3373565
-0.28336594
-0.29935533
-0.34239048
-0.18693429
-0.29838634
-0.38253698
-0.34574828
-0.41350675
-0.19763488
-0.29811212
-0.34074748
-0.33375835
-0.30477726
-0.2675171
-0.37692434
-0.29209173
-0.3382508
-0.26137584
-0.2793853
-0.30106968
-0.3306896
-0.26399556
-0.2626465
-0.3415482
-0.40970653
-0.2723555
-0.34149832
-0.4195969
-0.3280787
-0.30426222
-0.23726615
-0.4445037
-0.24036758
-0.17672142
-0.4078312
-0.14968899
-0.4471301
-0.28959277
-0.35031915
-0.20792831
-0.25904256
-0.29160964
-0.23453815
-0.3943723
-0.25030306
-0.18517536
-0.8247675
-1.0737453
-1.1026306
-1.0768154
-1.1747762
-0.97651196
-1.1979468
-0.8742225
-1.1331323
-0.89116114
-1.3878142
-0.9441048
-0.73810476
-0.8431947
-0.9549364
-0.8793629
-1.1204073
-0.9266146
-1.1535159
-0.85260427
-0.8432163
-1.1160225
-1.1219687
-1.1239412
-0.9439941
-0.8646649
-1.115895
-0.9670244
-1.4196239
-1.0825534
-0.9575304
-0.9531175
-1.2762797
-1.2060978
-0.8943653
-0.89952725
-1.048247
-0.8936675
-0.7701302
-1.2641497
-1.4647188
-0.91329926
-1.0908749
-1.2552186
-0.89301276
-0.68748605
-0.8971378
-1.3473232
-0.8151368
-1.0222704
-1.2825583
-0.8046565
-0.9780661
-0.30572993
-0.24079163
-0.25302714
-0.22488305
-0.3491413
-0.182725
-0.2402412
-0.20479688
-0.2704355
-0.32423612
-0.20682673
-0.17677398
-0.3628289
-0.33450437
-0.23793277
-0.25458378
-0.25163227
-0.35483646
-0.315528
-0.22692017
-0.3571667
-0.19325954
-0.24956018
-0.29218197
-0.30585578
-0.36565393
-0.3271162
-0.3610873
-0.22027917
-0.26258993
-0.17035225
-0.2995761
-0.23104984
-0.2679637
-0.3885104
-0.27660745
-0.44147843
-0.31859884
-0.22792013
-0.32784116
-0.21534383
-0.18642734
-0.2569428
-0.30895126
-0.32415286
-0.26371908
-0.22000122
-0.33906448
-0.25475731
-0.21466523
-0.21949202
-0.26957235
-0.2308662
-0.2337529
-0.26531404
-0.25302842
-0.3038277
-0.31027177
-0.38040453
-0.24396904
-0.30524224
-0.27507764
-0.22323912
-0.24979731
-0.25807804
-0.29946247
-0.2167061
-0.20243587
-0.21848345
-0.29824507
-0.26843473
-0.21714054
-0.21608537
-0.27482253
-0.36158442
-0.24599618
-0.2574348
-0.33640745
-0.35870385
-0.41955453
-0.19938146
-0.21141787
-0.34310603
-0.21376438
-0.39679897
-0.2811666
-0.2849231
-0.38841233
-0.16689341
-0.25960386
-0.36553934
-0.23773465
-0.18468505
-0.38725513
-0.18967462
-0.25670376
-0.2683426
-0.3470944
-0.2732646
-0.48587343
-0.29932064
-0.40538222
-0.37244013
-0.38893092
-0.17675388
-0.3453495
-0.42240715
-0.24711736
-0.19067581
-0.20975563
-0.26174638
-0.26753527
-0.26981682
-0.39546058
-0.23649356
-0.25315624
-0.27293304
-0.23888412
-0.31939596
-0.25425905
-0.3487476
-0.2338914
-0.18207029
-0.40367797
-0.21709657
-0.29707626
-0.19701785
-0.3883447
-0.25898933
-0.1735073
-0.21435292
-0.14217038
-0.33245757
-0.22215429
-0.25866753
-0.2394659
-0.3172555
-0.4303698
-0.22281721
-0.23108394
-0.31151295
-0.34496978
-0.40284866
-0.20956959
-0.30636004
-0.22393376
-0.25479114
-0.39102897
-0.43358564
-0.1869129
-0.35392526
-0.4802945
-0.4178409
-0.35325313
-0.32284904
-0.3217612
-0.26365268
-0.25648147
-0.36075282
-0.31311256
-0.31876862
-0.32301077
-0.21348569
-0.3409797
-0.22620493
-0.17896329
-0.31962106
-0.53373545
-0.21255872
-0.2834934
-0.2159112
-0.2464634
-0.25332105
-0.34262896
-0.33031002
-0.17896563
-0.29945847
-0.25063643
-0.31718716
-0.14727929
-0.40636683
-0.274823
-0.43445462
-0.34778163
-0.24536121
-0.3144287
-0.3538914
-0.25830373
-0.33200645
-0.3146943
-0.30800843
-0.30937716
-0.3136027
-0.25152555
-0.29876155
-0.22615987
-0.23638928
-0.3430583
-0.31731236
-0.32443398
-0.39502954
-0.19519939
-0.4095198
-0.4191122
-0.3030738
-0.25485098
-0.23064432
-0.40141696
-0.316515
-0.2468999
-0.23160645
-0.17696288
-0.18524903
-0.30763572
-0.20198499
-0.22966075
-0.28635904
-0.2923249
-0.3156658
-0.40966
-0.34373155
-0.24105547
-0.2380097
-0.31992203
-0.3595547
-0.21896891
-0.19798793
-0.29298645
-0.19873229
-0.34085444
-0.32429212
-0.29370862
-0.29491422
-0.3056907
-0.282892
-0.31056672
-0.29367518
-0.3487637
-0.22300252
-0.28866023
-0.23853119
-0.22517726
-0.39761385
-0.37553698
-0.3043862
-0.29421398
-0.30606616
-0.33356702
-0.2615647
-0.40607306
-0.25543386
-0.39837992
-0.19857962
-0.22859313
-0.2519517
-0.28272218
-0.43845743
-0.30773777
-0.30742586
-0.24827945
-0.2497368
-0.41814637
-0.3362484
-0.22824648
-0.26805952
-0.16820315
-0.27531302
-0.20362218
-0.30362058
-0.26890457
-0.3444162
-0.3318341
-0.18902808
-0.23628591
-0.1792546
-0.35458773
-0.22013333
-0.27293688
-0.31160378
-0.28537363
-0.18241438
-0.26645625
-0.23950776
-0.18771593
-0.47066182
-0.22268173
-0.2037664
-0.20580843
-0.25997823
-0.27049327
-0.16192895
-0.1632115
-0.23563254
-0.21856251
-0.2806667
-0.22914451
-0.24601988
-0.3331101
-0.24659356
-0.21174994
-0.3996522
-0.25502864
-0.41465348
-0.20888343
-1.1872368
-1.0443602
-1.4242723
-0.87979734
-0.8933283
-0.98787314
-1.1952342
-1.022353
-1.2725775
-1.0461847
-0.9376964
-1.0794182
-1.0805137
-1.1960828
-1.1656083
-1.1294744
-1.1010692
-1.179064
-0.8505603
-1.1298411
-0.9277615
-1.2107819
-1.2173197
-1.2486379
-1.0427133
-1.1202638
-1.3577316
-1.146285
-1.171159
-1.0609138
-1.0092223
-1.0363691
-1.5337956
-1.2144043
-0.9877451
-0.8012099
-1.0725735
-1.2092924
-1.2301263
-0.77926964
-1.380893
-1.1920145
-1.00856
-0.8657154
-0.81771654
-1.1418973
-0.8164333
-0.8357278
-0.8623708
-0.8540321
-1.2513429
-1.0794101
-0.60725623
-0.274198
-0.3585875
-0.40162072
-0.2777299
-0.56038713
-0.35365134
-0.39637345
-0.4700771
-0.21538113
-0.26308274
-0.3192804
-0.22238103
-0.37206435
-0.29823542
-0.3135692
-0.33357033
-0.27313447
-0.26083118
-0.24583456
-0.21261309
-0.2760709
-0.26677614
-0.3423602
-0.17072366
-0.19792819
-0.2730477
-0.34679794
-0.3489295
-0.23171702
-0.420767
-0.28326407
-0.21916915
-0.2659194
-0.25093156
-0.32330716
-0.3101772
-0.29264763
-0.24242961
-0.30321264
-0.37509555
-0.26468742
-0.35424638
-0.36415422
-0.23531303
-0.33082244
-0.3635248
-0.28390056
-0.26180458
-0.31285214
-0.36117917
-0.27907637
-0.2705802
-0.2748339
-0.3283635
-0.47188872
-0.205171
-0.30578512
-0.2746236
-0.27288625
-0.30840567
-0.24662404
-0.2553661
-0.3106517
-0.3668522
-0.27396894
-0.17289326
-0.31856006
-0.24571921
-0.28958857
-0.28805846
-0.19468188
-0.27886403
-0.38702673
-0.30206946
-0.2200345
-0.44859797
-0.33539116
-0.19340762
-0.31562608
-0.29930183
-0.4309703
-0.25310346
-0.33546704
-0.32857198
-0.22561093
-0.29664874
-0.18563762
-0.30693316
-0.19220012
-0.22321051
-0.26889256
-0.37655866
-0.21571735
-0.2395068
-0.26496333
-0.17689288
-0.2759788
-0.2988363
-0.2619822
-0.16791996
-0.3760981
-0.31409293
-0.24004324
-0.20896178
-0.20330282
-0.2385259
-0.29659748
-0.30911374
-0.21016076
-0.25636923
-0.2021056
-0.2992959
-0.22299588
-0.20935775
-0.23318365
-0.24860328
-0.12032911
-0.34245232
-0.27328807
-0.22947349
-0.2499134
-0.20139995
-0.2994659
-0.1810458
-0.21126239
-0.28083622
-0.31071216
-0.18501882
-0.26882342
-0.20771793
-0.25608778
-0.3406578
-0.2724535
-0.1931797
-0.43519598
-0.205298
-0.22231857
-0.38673446
-0.19273362
-0.23684399
-0.25743473
-0.325692
-0.2088489
-0.18975511
-0.22883606
-0.23237553
-0.3954153
-0.3379199
-0.24970765
-0.16193005
-0.23585123
-0.35449705
-0.2964151
-0.22680901
-0.37103665
-0.2199634
-0.17116192
-0.3778794
-0.46791834
-0.30580264
-0.28978127
-0.24088757
-0.24291748
-0.19397518
-0.16449064
-0.16513702
-0.25781706
-0.20465219
-0.38840842
-0.21475038
-0.36485258
-0.20215635
-0.32261005
-0.4709502
-0.2357004
-0.28475782
-0.32818973
-0.22479954
-0.36216927
-0.28370386
-0.2770837
-0.22450106
-0.37103844
-0.20626387
-0.18467368
-0.20149429
-0.25665456
-0.22087878
-0.2721408
-0.18935433
-0.24619514
-0.17634636
-0.23469691
-0.24322584
-0.31108302
-0.32521722
-0.3190362
-0.34875858
-0.21701114
-0.31923863
-0.30789626
-0.2071968
-0.2324237
-0.28608188
-0.30008286
-0.2443999
-0.2530112
-0.24266428
-0.26453516
-0.24303505
-0.2892084
-0.25314772
-0.26808876
-0.26676595
-0.33222118
-0.29984602
-0.21490407
-0.32916695
-0.30803826
-0.22979324
-0.3519649
-0.2337654
-0.30832633
-0.37288272
-0.28824395
-0.43985495
-0.24508442
-0.3229375
-0.42034477
-0.25777304
-0.18424244
-0.29587722
-0.1968365
-0.24626118
-0.37599903
-0.26652968
-0.3340361
-0.28661585
-0.37142247
-0.20330569
-0.19664142
-0.28614074
-0.33953103
-0.32469583
-0.21612665
-0.23547447
-0.2682853
-0.32658586
-0.25954905
-0.32063508
-0.21773127
-0.2653215
-0.308069
-0.16753003
-0.18824512
-0.19921371
-0.25538087
-0.34801477
-0.20304498
-0.17632803
-0.19466461
-0.24487549
-0.34147438
-0.23332922
-0.37770796
-0.18697275
-0.29000634
-0.2198271
-0.18375002
-0.27287447
-0.37283283
-0.22606179
-0.23637706
-0.24410933
-0.3173044
-0.39134103
-0.3546498
-0.23096913
-0.21502614
-0.25240108
-0.2975422
-0.23296797
-0.24408011
-0.34959155
-0.2979007
-0.18903145
-0.37338945
-0.2954285
-0.2818818
-0.24979287
-0.2923411
-0.31979486
-0.29024753
-0.2806472
-0.12123779
-0.31366423
-0.2950607
-0.31976292
-0.26045936
-0.20746489
-0.3134623
-0.18710317
-0.2731071
-0.25311384
-1.1537681
-1.0977603
-0.8206118
-0.8576615
-1.029582
-1.1136531
-1.0836618
-0.98234254
-1.0539107
-1.2084368
-1.667587
-0.9099755
-0.99992895
-0.7894401
-0.5935726
-1.1872436
-1.0912594
-0.93928254
-1.0604479
-0.938797
-1.083094
-1.1185362
-1.0390332
-1.0290157
-0.641096
-1.4091302
-0.9228903
-0.8858944
-0.92848223
-1.1189082
-1.2674639
-1.0123231
-1.1008341
-1.0492659
-1.253822
-1.197377
-0.79553306
-1.4203339
-1.1129768
-1.1431783
-0.8738657
-0.9322563
-1.1653851
-1.0011653
-0.74861896
-1.0184834
-0.8566362
-1.1256058
-0.98857176
-1.1758547
-1.1228688
-1.1397228
-1.0367566
-0.24801332
-0.16601233
-0.34201816
-0.22146031
-0.30245054
-0.3291169
-0.20312692
-0.21070874
-0.3317452
-0.24862735
-0.39882916
-0.33204108
-0.2623245
-0.16788858
-0.2942741
-0.19714883
-0.29817796
-0.26341534
-0.40655163
-0.24278253
-0.30994952
-0.30516005
-0.2573974
-0.26347005
-0.37403077
-0.2210814
-0.23710668
-0.19873145
-0.3533141
-0.1587316
-0.36112812
-0.31910667
-0.27979434
-0.24179117
-0.53873116
-0.2445826
-0.1571041
-0.2771517
-0.20951931
-0.24857476
-0.22063383
-0.22939229
-0.31878853
-0.22277912
-0.24453884
-0.37391222
-0.28022856
-0.29525298
-0.29460454
-0.25082403
-0.31259406
-0.3293398
-0.19333477
-0.20844167
-0.23995112
-0.30310684
-0.26347685
-0.28140852
-0.16570637
-0.3086719
-0.21094811
-0.3561989
-0.24021922
-0.25885382
-0.2683298
-0.2759032
-0.22570038
-0.2999695
-0.22827038
-0.24988607
-0.32371897
-0.21992894
-0.18364474
-0.22884157
-0.23324457
-0.19318555
-0.36918128
-0.35785988
-0.2819608
-0.23142584
-0.32593486
-0.32926297
-0.2882961
-0.21737716
-0.34138536
-0.2296972
-0.21941748
-0.24836197
-0.31868783
-0.22187313
-0.253676
-0.19063292
-0.3311141
-0.35035542
-0.23029755
-0.22864562
-0.55384016
-0.19397914
-0.55014515
-0.25434732
-0.34172952
-0.23896924
-0.27868456
-0.29240832
-0.26152492
-0.23872206
-0.3373609
-0.16632089
-0.14612323
-0.23104855
-0.31739235
-0.2606476
-0.27784264
-0.29111436
-0.22072184
-0.15964532
-0.2777285
-0.3515352
-0.17635036
-0.2271713
-0.29595578
-0.31926572
-0.1720775
-0.32002282
-0.356461
-0.2805289
-0.26033908
-0.24577643
-0.26678455
-0.31527022
-0.2356292
-0.33394194
-0.23626624
-0.2707098
-0.28952026
-0.23712705
-0.17498201
-0.2567218
-0.1962196
-0.16466796
-0.26455918
-0.25190046
-0.19373846
-0.2814824
-0.23045674
-0.25905824
-0.26920396
-0.23524942
-0.29493725
-0.23485483
-0.28079385
-0.24554789
-0.22477342
-0.21243078
-0.18486303
-0.35011584
-0.201402
-0.22605208
-0.17076069
-0.2193271
-0.28194293
-0.29768863
-0.3302017
-0.28134564
-0.24074653
-0.5012913
-0.20197092
-0.34450144
-0.22711843
-0.26204464
-0.1944816
-0.22428542
-0.25951153
-0.21315764
-0.53561854
-0.27968293
-0.20368263
-0.30500704
-0.27585357
-0.36734304
-0.29846823
-0.3800325
-0.24078512
-0.23915519
-0.33788875
-0.23684713
-0.2916925
-0.21906522
-0.24063154
-0.3157103
-0.34990406
-0.26822397
-0.22883484
-0.1542476
-0.37060452
-0.21246666
-0.37340498
-0.24291624
-0.23102474
-0.15341434
-0.31283253
-0.4017978
-0.23241138
-0.26520777
-0.22384
-0.2870935
-0.43383422
-0.3380481
-0.3250151
-0.35111243
-0.39690614
-0.32152015
-0.34247893
-0.23694804
-0.34360594
-0.22713265
-0.24141803
-0.2718185
-0.37324622
-0.29975688
-0.28817508
-0.33762252
-0.2948237
-0.23166882
-0.22835816
-0.23799177
-0.4211776
-0.320566
-0.2430008
-0.24945362
-0.3634955
-0.39558658
-0.3537685
-0.26802236
-0.3461399
-0.51289505
-0.30783203
-0.25721633
-0.37595278
-0.18458952
-0.26771298
-0.18792315
-0.33448383
-0.24884824
-0.215958
-0.285609
-0.27528894
-0.17675202
-0.15169512
-0.25385213
-0.1892192
-0.25728664
-0.18254009
-0.26691365
-0.2258752
-0.33800995
-0.26349297
-0.20883407
-0.32799977
-0.24760449
-0.26660085
-0.24431872
-0.20260084
-0.2418573
-0.29192817
-0.26695538
-0.23922457
-0.4107287
-0.2536749
-0.26963592
-0.19771573
-0.52735496
-0.22311991
-0.23810671
-0.2655365
-0.20584257
-0.252598
-0.31560272
-0.16839316
-0.2528309
-0.27617675
-0.3548095
-0.2750297
-0.37137777
-0.15296581
-0.3179291
-0.21739945
-0.28262335
-0.2607467
-0.25016034
-0.23047172
-0.25140893
-0.43373048
-0.13751996
-0.26543134
-0.30429843
-0.27886713
-0.21915391
-0.3144473
-0.22692889
-0.27233374
-0.24997145
-0.27048403
-0.2219109
-1.0064898
-1.3084517
-0.80588967
-1.0733565
-0.99108756
-0.9011265
-0.8535888
-1.1464329
-0.9153583
-0.97588474
-1.2108653
-0.862187
-0.83971524
-1.1232136
-0.84230554
-1.2596596
-0.8572724
-1.0867116
-0.7321421
-1.1130449
-0.8895298
-1.0073868
-1.0938792
-0.7313047
-0.89928323
-1.0951276
-0.8661326
-1.3331746
-1.0836306
-0.7327744
-1.1395552
-0.74644387
-0.9397484
-1.0910201
-0.90480936
-1.1266135
-0.9136418
-0.7922301
-1.114448
-1.1201007
-1.0511262
-1.1643697
-1.1108012
-1.2488295
-0.98290527
-0.98304975
-1.1969926
-0.96099514
-1.1365511
-0.9879414
-0.9251675
-0.72268033
-1.1241572
-0.3867163
-0.25115028
-0.1908396
-0.28344902
-0.29771435
-0.28906634
-0.24078354
-0.27594948
-0.29599077
-0.33727714
-0.19290747
-0.27984098
-0.3094127
-0.30306846
-0.26219875
-0.27792668
-0.30094585
-0.3193281
-0.15403786
-0.18404162
-0.2455595
-0.2093608
-0.3032418
-0.27400613
-0.27223402
-0.23411071
-0.26558226
-0.3354274
-0.24312294
-0.20777653
-0.36027893
-0.36811393
-0.24878909
-0.28269148
-0.3557899
-0.18199915
-0.34282923
-0.29942298
-0.25011453
-0.3328502
-0.33445722
-0.22233218
-0.33582804
-0.17317387
-0.33285245
-0.3383518
-0.33859563
-0.18742278
-0.19695336
-0.23948967
-0.21342582
-0.30072525
-0.4865917
-0.18791896
-0.36076733
-0.22408147
-0.3221197
-0.19234008
-0.2467594
-0.28451067
-0.3042524
-0.27015418
-0.18257596
-0.33077022
-0.24720544
-0.19918972
-0.20796967
-0.24419652
-0.30562222
-0.20553291
-0.27098432
-0.34714985
-0.19544506
-0.18253782
-0.28775203
-0.22287202
-0.2243076
-0.32031965
-0.28715104
-0.20745358
-0.14098588
-0.25404146
-0.23495746
-0.28400713
-0.26308692
-0.27359584
-0.33326936
-0.2869847
-0.2994647
-0.21257356
-0.35102978
-0.2549967
-0.20706016
-0.1639938
-0.28937247
-0.5744471
-0.2207776
-0.37589392
-0.31384623
-0.40820947
-0.21204859
-0.21456902
-0.21667737
-0.17649803
-0.33200133
-0.18779778
-0.28979874
-0.33768117
-0.18377861
-0.26977065
-0.30175367
-0.25130802
-0.1615198
-0.1398108
-0.2710148
-0.16057466
-0.33460468
-0.3101288
-0.22922853
-0.18717325
-0.22299802
-0.36708736
-0.22675873
-0.31633857
-0.27294195
-0.32160255
-0.25078204
-0.25719786
-0.37645853
-0.22535378
-0.22228412
-0.25010324
-0.31360787
-0.32417747
-0.26257303
-0.37993467
-0.22330329
-0.36069453
-0.3320143
-0.38404563
-0.26641947
-0.21967271
-0.2979608
-0.33338332
-0.1910438
-0.22005393
-0.21122299
-0.2615294
-0.27450913
-0.2231291
-0.27406743
-0.25769
-0.3100096
-0.21868
-0.26640218
-0.20605838
-0.35669357
-0.27425975
-0.25031564
-0.21710886
-0.16586909
-0.23683757
-0.26086962
-0.15359943
-0.2525199
-0.14323488
-0.17926031
-0.27309287
-0.15220504
-0.17898774
-0.33271027
-0.29782206
-0.24075767
-0.26488292
-0.30431092
-0.33157212
-0.21310644
-0.29755527
-0.3236283
-0.17979726
-0.2931592
-0.18990174
-0.17605537
-0.17536886
-0.24320897
-0.19669397
-0.28109103
-0.19814399
-0.19018242
-0.18381532
-0.29008353
-0.23445252
-0.28970963
-0.19281347
-0.21711624
-0.18427569
-0.20916283
-0.28000736
-0.23362851
-0.386115
-0.36366087
-0.14536503
-0.24409035
-0.26243785
-0.17494473
-0.26004305
-0.22072986
-0.21996856
-0.20564778
-0.33357626
-0.17249483
-0.29250902
-0.23416363
-0.25992548
-0.21938208
-0.20894732
-0.23808621
-0.19068345
-0.23016962
-0.2966575
-0.15887019
-0.36507416
-0.28778657
-0.1589055
-0.21529032
-0.22463489
-0.177383
-0.27894226
-0.21704936
-0.20721447
-0.4457933
-0.14838713
-0.17929137
-0.21263297
-0.16068678
-0.3776701
-0.1924079
-0.23071414
-0.27474597
-0.2864839
-0.26938963
-0.32519585
-0.23577726
-0.19811416
-0.29762864
-0.27767882
-0.2156504
-0.22593768
-0.22583579
-0.30020112
-0.2503224
-0.482975
-0.25505704
-0.2458024
-0.25163084
-0.25806075
-0.21876776
-0.3093204
-0.21777967
-0.26640812
-0.26977924
-0.3206827
-0.23703885
-0.23103051
-0.30144653
-0.29569125
-0.3006884
-0.41079664
-0.36436194
-0.331479
-0.34885946
-0.47305518
-0.23838511
-0.24956131
-0.28549471
-0.25366744
-0.29981405
-0.20180425
-0.25039274
-0.2302701
-0.3533476
-0.29337448
-0.2596741
-0.23912017
-0.4386412
-0.21250309
-0.35315537
-0.32200634
-0.2606427
-0.2767348
-0.37599462
-0.22537652
-0.2109858
-0.27082342
-0.20746294
-0.31472802
-0.18679532
-0.21872072
-0.37043995
-0.23594314
-0.22988802
-0.24221405
-0.30228168
-0.1587688
-0.9904003
-1.0192069
-1.130207
-1.4369457
-1.0833743
-0.7375332
-0.872385
-1.0920966
-0.6662649
-0.98295283
-0.796625
-0.7917778
-1.2230676
-0.77220035
-0.73292243
-0.89237654
-1.1603963
-1.0386829
-1.0135204
-0.87723196
-0.9469094
-0.98082125
-0.67751825
-1.0264357
-0.9022112
-1.2505889
-1.3254342
-0.83021605
-1.128415
-0.92908967
-1.215029
-0.7911427
-0.8052174
-1.0388068
-0.9007832
-0.9303584
-0.8077249
-0.94758207
-1.0244333
-1.1744864
-1.3704535
-1.1380997
-1.1819843
-1.3624103
-0.7100245
-1.1265824
-1.238658
-0.90547174
-0.8142183
-0.7498715
-0.98030984
-1.4500971
-1.2581875
